 7.1905446833324e-02
 7.1356828162453e-02
 7.0810977638321e-02
 7.0267890899170e-02
 6.9727563537783e-02
 6.9189991101578e-02
 6.8655169092958e-02
 6.8123092969545e-02
 6.7593758144401e-02
 6.7067159986294e-02
 6.6543293819942e-02
 6.6022154926301e-02
 6.5503738542757e-02
 6.4988039863440e-02
 6.4475054039433e-02
 6.3964776179059e-02
 6.3457201348111e-02
 6.2952324570114e-02
 6.2450140826597e-02
 6.1950645057358e-02
 6.1453832160665e-02
 6.0959696993584e-02
 6.0468234372169e-02
 5.9979439071797e-02
 5.9493305827353e-02
 5.9009829333535e-02
 5.8529004245093e-02
 5.8050825177087e-02
 5.7575286705182e-02
 5.7102383365821e-02
 5.6632109656598e-02
 5.6164460036417e-02
 5.5699428925830e-02
 5.5237010707223e-02
 5.4777199725126e-02
 5.4319990286478e-02
 5.3865376660840e-02
 5.3413353080708e-02
 5.2963913741708e-02
 5.2517052802929e-02
 5.2072764387130e-02
 5.1631042581015e-02
 5.1191881435518e-02
 5.0755274965992e-02
 5.0321217152548e-02
 4.9889701940282e-02
 4.9460723239529e-02
 4.9034274926113e-02
 4.8610350841646e-02
 4.8188944793748e-02
 4.7770050556344e-02
 4.7353661869884e-02
 4.6939772441620e-02
 4.6528375945914e-02
 4.6119466024407e-02
 4.5713036286370e-02
 4.5309080308909e-02
 4.4907591637252e-02
 4.4508563785012e-02
 4.4111990234434e-02
 4.3717864436683e-02
 4.3326179812108e-02
 4.2936929750456e-02
 4.2550107611239e-02
 4.2165706723867e-02
 4.1783720388066e-02
 4.1404141874004e-02
 4.1026964422650e-02
 4.0652181246037e-02
 4.0279785527460e-02
 3.9909770421835e-02
 3.9542129055925e-02
 3.9176854528616e-02
 3.8813939911215e-02
 3.8453378247659e-02
 3.8095162554859e-02
 3.7739285822946e-02
 3.7385741015539e-02
 3.7034521070046e-02
 3.6685618897899e-02
 3.6339027384877e-02
 3.5994739391362e-02
 3.5652747752600e-02
 3.5313045279023e-02
 3.4975624756491e-02
 3.4640478946598e-02
 3.4307600586915e-02
 3.3976982391312e-02
 3.3648617050246e-02
 3.3322497230973e-02
 3.2998615577921e-02
 3.2676964712875e-02
 3.2357537235377e-02
 3.2040325722884e-02
 3.1725322731149e-02
 3.1412520794459e-02
 3.1101912425887e-02
 3.0793490117667e-02
 3.0487246341346e-02
 3.0183173548219e-02
 2.9881264169478e-02
 2.9581510616541e-02
 2.9283905281374e-02
 2.8988440536703e-02
 2.8695108736356e-02
 2.8403902215478e-02
 2.8114813290876e-02
 2.7827834261238e-02
 2.7542957407467e-02
 2.7260174992916e-02
 2.6979479263692e-02
 2.6700862448904e-02
 2.6424316760949e-02
 2.6149834395821e-02
 2.5877407533330e-02
 2.5607028337415e-02
 2.5338688956383e-02
 2.5072381523206e-02
 2.4808098155801e-02
 2.4545830957253e-02
 2.4285572016137e-02
 2.4027313406740e-02
 2.3771047189389e-02
 2.3516765410638e-02
 2.3264460103592e-02
 2.3014123288162e-02
 2.2765746971302e-02
 2.2519323147321e-02
 2.2274843798092e-02
 2.2032300893345e-02
 2.1791686390932e-02
 2.1552992237076e-02
 2.1316210366632e-02
 2.1081332703357e-02
 2.0848351160150e-02
 2.0617257639330e-02
 2.0388044032895e-02
 2.0160702222767e-02
 1.9935224081051e-02
 1.9711601470320e-02
 1.9489826243825e-02
 1.9269890245788e-02
 1.9051785311665e-02
 1.8835503268383e-02
 1.8621035934583e-02
 1.8408375120943e-02
 1.8197512630321e-02
 1.7988440258153e-02
 1.7781149792588e-02
 1.7575633014825e-02
 1.7371881699329e-02
 1.7169887614115e-02
 1.6969642520992e-02
 1.6771138175782e-02
 1.6574366328699e-02
 1.6379318724456e-02
 1.6185987102622e-02
 1.5994363197874e-02
 1.5804438740198e-02
 1.5616205455236e-02
 1.5429655064447e-02
 1.5244779285472e-02
 1.5061569832290e-02
 1.4880018415554e-02
 1.4700116742837e-02
 1.4521856518851e-02
 1.4345229445776e-02
 1.4170227223453e-02
 1.3996841549687e-02
 1.3825064120489e-02
 1.3654886630352e-02
 1.3486300772503e-02
 1.3319298239133e-02
 1.3153870721730e-02
 1.2990009911262e-02
 1.2827707498493e-02
 1.2666955174195e-02
 1.2507744629431e-02
 1.2350067555814e-02
 1.2193915645790e-02
 1.2039280592817e-02
 1.1886154091690e-02
 1.1734527838788e-02
 1.1584393532294e-02
 1.1435742872494e-02
 1.1288567561986e-02
 1.1142859305947e-02
 1.0998609812417e-02
 1.0855810792487e-02
 1.0714453960591e-02
 1.0574531034764e-02
 1.0436033736834e-02
 1.0298953792725e-02
 1.0163282932659e-02
 1.0029012891420e-02
 9.8961354085970e-03
 9.7646422288159e-03
 9.6345251019755e-03
 9.5057757834711e-03
 9.3783860345017e-03
 9.2523476221872e-03
 9.1276523199082e-03
 9.0042919074673e-03
 8.8822581713839e-03
 8.7615429050535e-03
 8.6421379090162e-03
 8.5240349911895e-03
 8.4072259670612e-03
 8.2917026599446e-03
 8.1774569011850e-03
 8.0644805303944e-03
 7.9527653956261e-03
 7.8423033536801e-03
 7.7330862702323e-03
 7.6251060200996e-03
 7.5183544874475e-03
 7.4128235660041e-03
 7.3085051592593e-03
 7.2053911806996e-03
 7.1034735539928e-03
 7.0027442132328e-03
 6.9031951031282e-03
 6.8048181791998e-03
 6.7076054079979e-03
 6.6115487673363e-03
 6.5166402464725e-03
 6.4228718462905e-03
 6.3302355795550e-03
 6.2387234710743e-03
 6.1483275579326e-03
 6.0590398896816e-03
 5.9708525285269e-03
 5.8837575495757e-03
 5.7977470409525e-03
 5.7128131041183e-03
 5.6289478539540e-03
 5.5461434190350e-03
 5.4643919417916e-03
 5.3836855787432e-03
 5.3040165006448e-03
 5.2253768927322e-03
 5.1477589548891e-03
 5.0711549018541e-03
 4.9955569634137e-03
 4.9209573846082e-03
 4.8473484258913e-03
 4.7747223633614e-03
 4.7030714889552e-03
 4.6323881105989e-03
 4.5626645524188e-03
 4.4938931549766e-03
 4.4260662753879e-03
 4.3591762875598e-03
 4.2932155823610e-03
 4.2281765678378e-03
 4.1640516693282e-03
 4.1008333297354e-03
 4.0385140096807e-03
 3.9770861876752e-03
 3.9165423602946e-03
 3.8568750424282e-03
 3.7980767673715e-03
 3.7401400870690e-03
 3.6830575722999e-03
 3.6268218128097e-03
 3.5714254175325e-03
 3.5168610147570e-03
 3.4631212523121e-03
 3.4101987977264e-03
 3.3580863384226e-03
 3.3067765818821e-03
 3.2562622558432e-03
 3.2065361084463e-03
 3.1575909084441e-03
 3.1094194453211e-03
 3.0620145295195e-03
 3.0153689926112e-03
 2.9694756874359e-03
 2.9243274882845e-03
 2.8799172910960e-03
 2.8362380135991e-03
 2.7932825955146e-03
 2.7510439986889e-03
 2.7095152073072e-03
 2.6686892280245e-03
 2.6285590901604e-03
 2.5891178458806e-03
 2.5503585703308e-03
 2.5122743618435e-03
 2.4748583420956e-03
 2.4381036562825e-03
 2.4020034732816e-03
 2.3665509858383e-03
 2.3317394107060e-03
 2.2975619888788e-03
 2.2640119857029e-03
 2.2310826910847e-03
 2.1987674196307e-03
 2.1670595108846e-03
 2.1359523294215e-03
 2.1054392650509e-03
 2.0755137330312e-03
 2.0461691741813e-03
 2.0173990550968e-03
 1.9891968683087e-03
 1.9615561324404e-03
 1.9344703924126e-03
 1.9079332196097e-03
 1.8819382120233e-03
 1.8564789944518e-03
 1.8315492186723e-03
 1.8071425636104e-03
 1.7832527354957e-03
 1.7598734680621e-03
 1.7369985226611e-03
 1.7146216885124e-03
 1.6927367828090e-03
 1.6713376508903e-03
 1.6504181664105e-03
 1.6299722315530e-03
 1.6099937770739e-03
 1.5904767625943e-03
 1.5714151766711e-03
 1.5528030369618e-03
 1.5346343904379e-03
 1.5169033134462e-03
 1.4996039119234e-03
 1.4827303214936e-03
 1.4662767076676e-03
 1.4502372659488e-03
 1.4346062219568e-03
 1.4193778315577e-03
 1.4045463810533e-03
 1.3901061872541e-03
 1.3760515975749e-03
 1.3623769902640e-03
 1.3490767743962e-03
 1.3361453900615e-03
 1.3235773084410e-03
 1.3113670319398e-03
 1.2995090942548e-03
 1.2879980605112e-03
 1.2768285273113e-03
 1.2659951228688e-03
 1.2554925070409e-03
 1.2453153715111e-03
 1.2354584397450e-03
 1.2259164671601e-03
 1.2166842411560e-03
 1.2077565812065e-03
 1.1991283388795e-03
 1.1907943979832e-03
 1.1827496745661e-03
 1.1749891169783e-03
 1.1675077059606e-03
 1.1603004546729e-03
 1.1533624087492e-03
 1.1466886463584e-03
 1.1402742782579e-03
 1.1341144478288e-03
 1.1282043311167e-03
 1.1225391369103e-03
 1.1171141067512e-03
 1.1119245150136e-03
 1.1069656689106e-03
 1.1022329085586e-03
 1.0977216070762e-03
 1.0934271705302e-03
 1.0893450380557e-03
 1.0854706818917e-03
 1.0817996074194e-03
 1.0783273532499e-03
 1.0750494912242e-03
 1.0719616265367e-03
 1.0690593977136e-03
 1.0663384767778e-03
 1.0637945692141e-03
 1.0614234141182e-03
 1.0592207842129e-03
 1.0571824859810e-03
 1.0553043596448e-03
 1.0535822793933e-03
 1.0520121533270e-03
 1.0505899236328e-03
 1.0493115666645e-03
 1.0481730930203e-03
 1.0471705476575e-03
 1.0463000100052e-03
 1.0455575940163e-03
 1.0449394484059e-03
 1.0444417566196e-03
 1.0440607370559e-03
 1.0437926431563e-03
 1.0436337635182e-03
 1.0435804220279e-03
 1.0436289780337e-03
 1.0437758264303e-03
 1.0440173977987e-03
 1.0443501585758e-03
 1.0447706111713e-03
 1.0452752941303e-03
 1.0458607822676e-03
 1.0465236867702e-03
 1.0472606554444e-03
 1.0480683727431e-03
 1.0489435600147e-03
 1.0498829755545e-03
 1.0508834148438e-03
 1.0519417106062e-03
 1.0530547330063e-03
 1.0542193897857e-03
 1.0554326263776e-03
 1.0566914260652e-03
 1.0579928100904e-03
 1.0593338378148e-03
 1.0607116068247e-03
 1.0621232530739e-03
 1.0635659509732e-03
 1.0650369135514e-03
 1.0665333925106e-03
 1.0680526783846e-03
 1.0695921006003e-03
 1.0711490276121e-03
 1.0727208669630e-03
 1.0743050653736e-03
 1.0758991088442e-03
 1.0775005227125e-03
 1.0791068717082e-03
 1.0807157600522e-03
 1.0823248314973e-03
 1.0839317693591e-03
 1.0855342965863e-03
 1.0871301758075e-03
 1.0887172093297e-03
 1.0902932392099e-03
 1.0918561472399e-03
 1.0934038550005e-03
 1.0949343238378e-03
 1.0964455548892e-03
 1.0979355890839e-03
 1.0994025071658e-03
 1.1008444296251e-03
 1.1022595167458e-03
 1.1036459685779e-03
 1.1050020248915e-03
 1.1063259651808e-03
 1.1076161086642e-03
 1.1088708141840e-03
 1.1100884802552e-03
 1.1112675449845e-03
 1.1124064860721e-03
 1.1135038207485e-03
 1.1145581057586e-03
 1.1155679373027e-03
 1.1165319510490e-03
 1.1174488220469e-03
 1.1183172647017e-03
 1.1191360327852e-03
 1.1199039193508e-03
 1.1206197567033e-03
 1.1212824164004e-03
 1.1218908092032e-03
 1.1224438850674e-03
 1.1229406330886e-03
 1.1233800814974e-03
 1.1237612976456e-03
 1.1240833880051e-03
 1.1243454981104e-03
 1.1245468125607e-03
 1.1246865550716e-03
 1.1247639883832e-03
 1.1247784143330e-03
 1.1247291738204e-03
 1.1246156468063e-03
 1.1244372523698e-03
 1.1241934486734e-03
 1.1238837330088e-03
 1.1235076418055e-03
 1.1230647506462e-03
 1.1225546743225e-03
 1.1219770668354e-03
 1.1213316214413e-03
 1.1206180706820e-03
 1.1198361864311e-03
 1.1189857799130e-03
 1.1180667017759e-03
 1.1170788420857e-03
 1.1160221304443e-03
 1.1148965359551e-03
 1.1137020673168e-03
 1.1124387728703e-03
 1.1111067406309e-03
 1.1097060983416e-03
 1.1082370135201e-03
 1.1066996935050e-03
 1.1050943855070e-03
 1.1034213766727e-03
 1.1016809940774e-03
 1.0998736048180e-03
 1.0979996160508e-03
 1.0960594749923e-03
 1.0940536690014e-03
 1.0919827255991e-03
 1.0898472124923e-03
 1.0876477376232e-03
 1.0853849491540e-03
 1.0830595355762e-03
 1.0806722256405e-03
 1.0782237884102e-03
 1.0757150333345e-03
 1.0731468101540e-03
 1.0705200089800e-03
 1.0678355602901e-03
 1.0650944349105e-03
 1.0622976440591e-03
 1.0594462392584e-03
 1.0565413124257e-03
 1.0535839957813e-03
 1.0505754618916e-03
 1.0475169236122e-03
 1.0444096340732e-03
 1.0412548866775e-03
 1.0380540150587e-03
 1.0348083930531e-03
 1.0315194346509e-03
 1.0281885939977e-03
 1.0248173653405e-03
 1.0214072829815e-03
 1.0179599212489e-03
 1.0144768944469e-03
 1.0109598568211e-03
 1.0074105025214e-03
 1.0038305655182e-03
 1.0002218196230e-03
 9.9658607836739e-04
 9.9292519502026e-04
 9.8924106247755e-04
 9.8553561327575e-04
 9.8181081952053e-04
 9.7806869280737e-04
 9.7431128423420e-04
 9.7054068430946e-04
 9.6675902291254e-04
 9.6296846926636e-04
 9.5917123188172e-04
 9.5536955850728e-04
 9.5156573611699e-04
 9.4776209081737e-04
 9.4396098785410e-04
 9.4016483155079e-04
 9.3637606527863e-04
 9.3259717142635e-04
 9.2883067131555e-04
 9.2507912525641e-04
 9.2134513243813e-04
 9.1763133092004e-04
 9.1394039761283e-04
 9.1027504823116e-04
 9.0663803727487e-04
 9.0303215799259e-04
 8.9946024237797e-04
 8.9592516108417e-04
 8.9242982345672e-04
 8.8897717749803e-04
 8.8557020980029e-04
 8.8221194556137e-04
 8.7890544853408e-04
 8.7565382102106e-04
 8.7246020380882e-04
 8.6932777618165e-04
 8.6625975588384e-04
 8.6325939904053e-04
 8.6033000020280e-04
 8.5747489228072e-04
 8.5469744648758e-04
 8.5200107233063e-04
 8.4938921759048e-04
 8.4686536822565e-04
 8.4443304838766e-04
 8.4209582037331e-04
 8.3985728456126e-04
 8.3772107934654e-04
 8.3569088113378e-04
 8.3377040429922e-04
 8.3196340105296e-04
 8.3027366148825e-04
 8.2870501345456e-04
 8.2726132252930e-04
 8.2594649192291e-04
 8.2476446246438e-04
 8.2371921249591e-04
 8.2281475778623e-04
 8.2205515156120e-04
 8.2144448428290e-04
 8.2098688367416e-04
 8.2068651461054e-04
 8.2054757906391e-04
 8.2057431597848e-04
 8.2077100119293e-04
 8.2114194742933e-04
 8.2169150409772e-04
 8.2242405726374e-04
 8.2334402958228e-04
 8.2445588014624e-04
 8.2576410444846e-04
 8.2727323424414e-04
 8.2898783751340e-04
 8.3091251829703e-04
 8.3305191664906e-04
 8.3541070852799e-04
 8.3799360571524e-04
 8.4080535567133e-04
 8.4385074149607e-04
 8.4713458178964e-04
 8.5066173058712e-04
 8.5443707724753e-04
 8.5846554634272e-04
 8.6275209757547e-04
 8.6730172568339e-04
 8.7211946035293e-04
 8.7721036608901e-04
 8.8257954215798e-04
 8.8823212246347e-04
 8.9417327548202e-04
 9.0040820412529e-04
 9.0694214567921e-04
 9.1378037173151e-04
 9.2092818798706e-04
 9.2839093429964e-04
 9.3617398448409e-04
 9.4428274623382e-04
 9.5272266109403e-04
 9.6149920427502e-04
 9.7061788463837e-04
 9.8008424454377e-04
 9.8990385980313e-04
 1.0000823395637e-03
 1.0106253261789e-03
 1.0215384951925e-03
 1.0328275551691e-03
 1.0444982476214e-03
 1.0565563469171e-03
 1.0690076601688e-03
 1.0818580271603e-03
 1.0951133201804e-03
 1.1087794439826e-03
 1.1228623356485e-03
 1.1373679644828e-03
 1.1523023319026e-03
 1.1676714713238e-03
 1.1834814480519e-03
 1.1997383591422e-03
 1.2164483333357e-03
 1.2336175308730e-03
 1.2512521433942e-03
 1.2693583938266e-03
 1.2879425362065e-03
 1.3070108556363e-03
 1.3265696680637e-03
 1.3466253201423e-03
 1.3671841891878e-03
 1.3882526829014e-03
 1.4098372393390e-03
 1.4319443266736e-03
 1.4545804430958e-03
 1.4777521166613e-03
 1.5014659050797e-03
 1.5257283956397e-03
 1.5505462049306e-03
 1.5759259788156e-03
 1.6018743921442e-03
 1.6283981486491e-03
 1.6555039807773e-03
 1.6831986494440e-03
 1.7114889440019e-03
 1.7403816818781e-03
 1.7698837085560e-03
 1.8000018973117e-03
 1.8307431490688e-03
 1.8621143921751e-03
 1.8941225822821e-03
 1.9267747021058e-03
 1.9600777612836e-03
 1.9940387961566e-03
 2.0286648696153e-03
 2.0639630708905e-03
 2.0999405153964e-03
 2.1366043445109e-03
 2.1739617254282e-03
 2.2120198509568e-03
 2.2507859393393e-03
 2.2902672340777e-03
 2.3304710037653e-03
 2.3714045418374e-03
 2.4130751665014e-03
 2.4554902204805e-03
 2.4986570708661e-03
 2.5425831089336e-03
 2.5872757499933e-03
 2.6327424331717e-03
 2.6789906213119e-03
 2.7260278007076e-03
 2.7738614810777e-03
 2.8224991952256e-03
 2.8719484990442e-03
 2.9222169712317e-03
 2.9733122131564e-03
 3.0252418487955e-03
 3.0780135244473e-03
 3.1316349086272e-03
 3.1861136919328e-03
 3.2414575868676e-03
 3.2976743276880e-03
 3.3547716702559e-03
 3.4127573918985e-03
 3.4716392912633e-03
 3.5314251881131e-03
 3.5921229232798e-03
 3.6537403584050e-03
 3.7162853758881e-03
 3.7797658786611e-03
 3.8441897901057e-03
 3.9095650538794e-03
 3.9758996337476e-03
 4.0432015134616e-03
 4.1114786965898e-03
 4.1807392064115e-03
 4.2509910857260e-03
 4.3222423966881e-03
 4.3945012207202e-03
 4.4677756582810e-03
 4.5420738287700e-03
 4.6174038703430e-03
 4.6937739397458e-03
 4.7711922121876e-03
 4.8496668811385e-03
 4.9292061581760e-03
 5.0098182728664e-03
 5.0915114724959e-03
 5.1742940219980e-03
 5.2581742037184e-03
 5.3431603172669e-03
 5.4292606793308e-03
 5.5164836234775e-03
 5.6048374999840e-03
 5.6943306756367e-03
 5.7849715335974e-03
 5.8767684731007e-03
 5.9697299093262e-03
 6.0638642732322e-03
 6.1591800112756e-03
 6.2556855852411e-03
 6.3533894720689e-03
 6.4523001635488e-03
 6.5524261661999e-03
 6.6537760010036e-03
 6.7563582032136e-03
 6.8601813220999e-03
 6.9652539207310e-03
 7.0715845757702e-03
 7.1791818772112e-03
 7.2880544281704e-03
 7.3982108446334e-03
 7.5096597552450e-03
 7.6224098009969e-03
 7.7364696351052e-03
 7.8518479226400e-03
 7.9685533403500e-03
 8.0865945764104e-03
 8.2059803301469e-03
 8.3267193118119e-03
 8.4488202422849e-03
 8.5722918529002e-03
 8.6971428850779e-03
 8.8233820901551e-03
 8.9510182291195e-03
 9.0800600722977e-03
 9.2105163991332e-03
 9.3423959979151e-03
 9.4757076655079e-03
 9.6104602071267e-03
 9.7466624360011e-03
 9.8843231731731e-03
 1.0023451247229e-02
 1.0164055493975e-02
 1.0306144756243e-02
 1.0449727883591e-02
 1.0594813732034e-02
 1.0741411163782e-02
 1.0889529046972e-02
 1.1039176255424e-02
 1.1190361668346e-02
 1.1343094170088e-02
 1.1497382649837e-02
 1.1653236001411e-02
 1.1810663122945e-02
 1.1969672916682e-02
 1.2130274288601e-02
 1.2292476148278e-02
 1.2456287408562e-02
 1.2621716985279e-02
 1.2788773797030e-02
 1.2957466764893e-02
 1.3127804812173e-02
 1.3299796864112e-02
 1.3473451847667e-02
 1.3648778691236e-02
 1.3825786324337e-02
 1.4004483677445e-02
 1.4184879681678e-02
 1.4366983268510e-02
 1.4550803369576e-02
 1.4736348916326e-02
 1.4923628839838e-02
 1.5112652070533e-02
 1.5303427537889e-02
 1.5495964170238e-02
 1.5690270894417e-02
 1.5886356635593e-02
 1.6084230316969e-02
 1.6283900859503e-02
 1.6485377181644e-02
 1.6688668199131e-02
 1.6893782824671e-02
 1.7100729967690e-02
 1.7309518534086e-02
 1.7520157425937e-02
 1.7732655541273e-02
 1.7947021773780e-02
 1.8163265012568e-02
 1.8381394141874e-02
 1.8601418040810e-02
 1.8823345583104e-02
 1.9047185636845e-02
 1.9272947064155e-02
 1.9500638721000e-02
 1.9730269456874e-02
 1.9961848114526e-02
 2.0195383529736e-02
 2.0430884531002e-02
 2.0668359939253e-02
 2.0907818567625e-02
 2.1149269221176e-02
 2.1392720696576e-02
 2.1638181781868e-02
 2.1885661256174e-02
 2.2135167889454e-02
 2.2386710442130e-02
 2.2640297664962e-02
 2.2895938298604e-02
 2.3153641073448e-02
 2.3413414709271e-02
 2.3675267914986e-02
 2.3939209388363e-02
 2.4205247815693e-02
 2.4473391871550e-02
 2.4743650218514e-02
 2.5016031506840e-02
 2.5290544374191e-02
 2.5567197445375e-02
 2.5845999331995e-02
 2.6126958632197e-02
 2.6410083930407e-02
 2.6695383796946e-02
 2.6982866787865e-02
 2.7272541444500e-02
 2.7564416293312e-02
 2.7858499845513e-02
 2.8154800596799e-02
 2.8453327027044e-02
 2.8754087599998e-02
 2.9057090762981e-02
 2.9362344946624e-02
 2.9669858564523e-02
 2.9979640012956e-02
 3.0291697670583e-02
 3.0606039898175e-02
 3.0922675038231e-02
 3.1241611414768e-02
 3.1562857332960e-02
 3.1886421078884e-02
 3.2212310919136e-02
 3.2540535100644e-02
 3.2871101850261e-02
 3.3204019374523e-02
 3.3539295859315e-02
 3.3876939469599e-02
 3.4216958349073e-02
 3.4559360619929e-02
 3.4904154382471e-02
 3.5251347714874e-02
 3.5600948672876e-02
 3.5952965289432e-02
 3.6307405574470e-02
 3.6664277514556e-02
 3.7023589072617e-02
 3.7385348187606e-02
 3.7749562774251e-02
 3.8116240722709e-02
 3.8485389898296e-02
 3.8857018141178e-02
 3.9231133266078e-02
 3.9607743061986e-02
 3.9986855291853e-02
 4.0368477692288e-02
 4.0752617973288e-02
 4.1139283817899e-02
 4.1528482882006e-02
 4.1920222793912e-02
 4.2314511154163e-02
 4.2711355535203e-02
 4.3110763481077e-02
 4.3512742507166e-02
 4.3917300099848e-02
 4.4324443716288e-02
 4.4734180784048e-02
 4.5146518700898e-02
 4.5561464834437e-02
 4.5979026521844e-02
 4.6399211069609e-02
 4.6822025753204e-02
 4.7247477816838e-02
 4.7675574473110e-02
 4.8106322902786e-02
 4.8539730254433e-02
 4.8975803644251e-02
 4.9414550155614e-02
 4.9855976838965e-02
 5.0300090711397e-02
 5.0746898756405e-02
 5.1196407923614e-02
 5.1648625128477e-02
 5.2103557251978e-02
 5.2561211140352e-02
 5.3021593604798e-02
 5.3484711421171e-02
 5.3950571329745e-02
 5.4419180034820e-02
 5.4890544204553e-02
 5.5364670470584e-02
 5.5841565427758e-02
 5.6321235633859e-02
 5.6803687609304e-02
 5.7288927836844e-02
 5.7776962761264e-02
 5.8267798789131e-02
 5.8761442288422e-02
 5.9257899588331e-02
 5.9757176978876e-02
 6.0259280710678e-02
 6.0764216994608e-02
 6.1271992001557e-02
 6.1782611862051e-02
 6.2296082666045e-02
 6.2812410462577e-02
 6.3331601259484e-02
 6.3853661023077e-02
 6.4378595677913e-02
 6.4906411106408e-02
 6.5437113148632e-02
 6.5970707601920e-02
 6.6507200220662e-02
 6.7046596715948e-02
 6.7588902755292e-02
 6.8134123962339e-02
 6.8682265916558e-02
 6.9233334152954e-02
 6.9787334161796e-02
 7.0344271388259e-02
 7.0904151232218e-02
 7.1466979047880e-02
 7.2032760143540e-02
 7.2601499781235e-02
 7.3173203176549e-02
 7.3747875498226e-02
 7.4325521867940e-02
 7.4906147359973e-02
 7.5489757000958e-02
 7.6076355769584e-02
 7.6665948596313e-02
 7.7258540363079e-02
 7.7854135903045e-02
 7.8452740000287e-02
 7.9054357389537e-02
 7.9658992755913e-02
 8.0266650734612e-02
 8.0877335910670e-02
 8.1491052818661e-02
 8.2107805942465e-02
 8.2727599714949e-02
 8.3350438517743e-02
 8.3976326680960e-02
 8.4605268482906e-02
 8.5237268149866e-02
 8.5872329855802e-02
 8.6510457722118e-02
 8.7151655817370e-02
 8.7795928157067e-02
 8.8443278703364e-02
 8.9093711364816e-02
 8.9747229996157e-02
