-1.8849555921539e-01	 1.3235710183291e-02	 1.5675985393582e-05	 1.3215349887058e-02
-1.8811856809696e-01	 1.3124371263266e-02	 1.5682101435093e-05	 1.3104004850992e-02
-1.8774157697853e-01	 1.3013757923532e-02	 1.5688221133155e-05	 1.2993385391559e-02
-1.8736458586010e-01	 1.2903866938628e-02	 1.5694344479410e-05	 1.2883488283310e-02
-1.8698759474166e-01	 1.2794695089829e-02	 1.5700471465706e-05	 1.2774310307524e-02
-1.8661060362323e-01	 1.2686239165219e-02	 1.5706602084190e-05	 1.2665848252295e-02
-1.8623361250480e-01	 1.2578495959641e-02	 1.5712736327402e-05	 1.2558098912474e-02
-1.8585662138637e-01	 1.2471462274781e-02	 1.5718874188369e-05	 1.2451059089753e-02
-1.8547963026794e-01	 1.2365134919144e-02	 1.5725015660710e-05	 1.2344725592643e-02
-1.8510263914951e-01	 1.2259510708054e-02	 1.5731160738732e-05	 1.2239095236476e-02
-1.8472564803108e-01	 1.2154586463779e-02	 1.5737309417542e-05	 1.2134164843522e-02
-1.8434865691265e-01	 1.2050359015407e-02	 1.5743461693143e-05	 1.2029931242874e-02
-1.8397166579422e-01	 1.1946825198941e-02	 1.5749617562550e-05	 1.1926391270539e-02
-1.8359467467579e-01	 1.1843981857357e-02	 1.5755777023885e-05	 1.1823541769494e-02
-1.8321768355736e-01	 1.1741825840571e-02	 1.5761940076488e-05	 1.1721379589655e-02
-1.8284069243893e-01	 1.1640354005455e-02	 1.5768106721016e-05	 1.1619901587895e-02
-1.8246370132050e-01	 1.1539563215938e-02	 1.5774276959546e-05	 1.1519104628139e-02
-1.8208671020206e-01	 1.1439450342923e-02	 1.5780450795664e-05	 1.1418985581288e-02
-1.8170971908363e-01	 1.1340012264431e-02	 1.5786628234565e-05	 1.1319541325357e-02
-1.8133272796520e-01	 1.1241245865527e-02	 1.5792809283135e-05	 1.1220768745404e-02
-1.8095573684677e-01	 1.1143148038412e-02	 1.5798993950033e-05	 1.1122664733623e-02
-1.8057874572834e-01	 1.1045715682432e-02	 1.5805182245763e-05	 1.1025226189347e-02
-1.8020175460991e-01	 1.0948945704097e-02	 1.5811374182744e-05	 1.0928450019074e-02
-1.7982476349148e-01	 1.0852835017159e-02	 1.5817569775367e-05	 1.0832333136545e-02
-1.7944777237305e-01	 1.0757380542567e-02	 1.5823769040042e-05	 1.0736872462688e-02
-1.7907078125462e-01	 1.0662579208575e-02	 1.5829971995239e-05	 1.0642064925741e-02
-1.7869379013619e-01	 1.0568427950713e-02	 1.5836178661518e-05	 1.0547907461212e-02
-1.7831679901776e-01	 1.0474923711849e-02	 1.5842389061547e-05	 1.0454397011948e-02
-1.7793980789933e-01	 1.0382063442236e-02	 1.5848603220107e-05	 1.0361530528176e-02
-1.7756281678090e-01	 1.0289844099505e-02	 1.5854821164086e-05	 1.0269304967501e-02
-1.7718582566246e-01	 1.0198262648729e-02	 1.5861042922464e-05	 1.0177717294968e-02
-1.7680883454403e-01	 1.0107316062423e-02	 1.5867268526281e-05	 1.0086764483057e-02
-1.7643184342560e-01	 1.0017001320600e-02	 1.5873498008594e-05	 9.9964435117518e-03
-1.7605485230717e-01	 9.9273154108052e-03	 1.5879731404417e-05	 9.9067513685613e-03
-1.7567786118874e-01	 9.8382553281045e-03	 1.5885968750654e-05	 9.8176850485144e-03
-1.7530087007031e-01	 9.7498180751400e-03	 1.5892210086017e-05	 9.7292415542146e-03
-1.7492387895188e-01	 9.6620006621606e-03	 1.5898455450923e-05	 9.6414178958703e-03
-1.7454688783345e-01	 9.5748001070401e-03	 1.5904704887390e-05	 9.5542110913133e-03
-1.7416989671502e-01	 9.4882134352730e-03	 1.5910958438912e-05	 9.4676181659947e-03
-1.7379290559659e-01	 9.4022376800419e-03	 1.5917216150326e-05	 9.3816361530522e-03
-1.7341591447816e-01	 9.3168698821756e-03	 1.5923478067661e-05	 9.2962620932685e-03
-1.7303892335973e-01	 9.2321070902478e-03	 1.5929744237985e-05	 9.2114930351704e-03
-1.7266193224130e-01	 9.1479463605037e-03	 1.5936014709232e-05	 9.1273260349550e-03
-1.7228494112286e-01	 9.0643847569201e-03	 1.5942289530027e-05	 9.0437581565507e-03
-1.7190795000443e-01	 8.9814193511736e-03	 1.5948568749495e-05	 8.9607864715847e-03
-1.7153095888600e-01	 8.8990472227530e-03	 1.5954852417067e-05	 8.8784080594966e-03
-1.7115396776757e-01	 8.8172654588054e-03	 1.5961140582279e-05	 8.7966200073837e-03
-1.7077697664914e-01	 8.7360711542616e-03	 1.5967433294558e-05	 8.7154194101277e-03
-1.7039998553071e-01	 8.6554614117790e-03	 1.5973730603014e-05	 8.6348033703366e-03
-1.7002299441228e-01	 8.5754333417461e-03	 1.5980032556223e-05	 8.5547689983505e-03
-1.6964600329385e-01	 8.4959840622898e-03	 1.5986339202001e-05	 8.4753134122484e-03
-1.6926901217542e-01	 8.4171106992434e-03	 1.5992650587193e-05	 8.3964337378168e-03
-1.6889202105699e-01	 8.3388103861555e-03	 1.5998966757446e-05	 8.3181271085586e-03
-1.6851502993856e-01	 8.2610802642643e-03	 1.6005287756995e-05	 8.2403906656680e-03
-1.6813803882013e-01	 8.1839174824860e-03	 1.6011613628449e-05	 8.1632215580182e-03
-1.6776104770169e-01	 8.1073191974125e-03	 1.6017944412576e-05	 8.0866169421605e-03
-1.6738405658326e-01	 8.0312825732336e-03	 1.6024280148105e-05	 8.0105739822461e-03
-1.6700706546483e-01	 7.9558047817782e-03	 1.6030620871526e-05	 7.9350898500673e-03
-1.6663007434640e-01	 7.8808830024883e-03	 1.6036966616903e-05	 7.8601617250320e-03
-1.6625308322797e-01	 7.8065144223405e-03	 1.6043317415697e-05	 7.7857867940854e-03
-1.6587609210954e-01	 7.7326962358799e-03	 1.6049673296600e-05	 7.7119622517439e-03
-1.6549910099111e-01	 7.6594256451535e-03	 1.6056034285381e-05	 7.6386853000288e-03
-1.6512210987268e-01	 7.5866998597079e-03	 1.6062400404745e-05	 7.5659531484638e-03
-1.6474511875425e-01	 7.5145160965431e-03	 1.6068771674210e-05	 7.4937630140295e-03
-1.6436812763582e-01	 7.4428715800868e-03	 1.6075148110001e-05	 7.4221121211374e-03
-1.6399113651739e-01	 7.3717635422073e-03	 1.6081529724948e-05	 7.3509977016429e-03
-1.6361414539896e-01	 7.3011892221060e-03	 1.6087916528422e-05	 7.2804169947381e-03
-1.6323715428053e-01	 7.2311458663723e-03	 1.6094308526273e-05	 7.2103672470066e-03
-1.6286016316209e-01	 7.1616307289145e-03	 1.6100705720792e-05	 7.1408457123543e-03
-1.6248317204366e-01	 7.0926410709330e-03	 1.6107108110690e-05	 7.0718496519829e-03
-1.6210618092523e-01	 7.0241741609569e-03	 1.6113515691106e-05	 7.0033763344264e-03
-1.6172918980680e-01	 6.9562272747262e-03	 1.6119928453618e-05	 6.9354230354332e-03
-1.6135219868837e-01	 6.8887976952511e-03	 1.6126346386286e-05	 6.8679870380254e-03
-1.6097520756994e-01	 6.8218827127785e-03	 1.6132769473712e-05	 6.8010656324654e-03
-1.6059821645151e-01	 6.7554796247750e-03	 1.6139197697113e-05	 6.7346561162385e-03
-1.6022122533308e-01	 6.6895857358994e-03	 1.6145631034422e-05	 6.6687557940256e-03
-1.5984423421465e-01	 6.6241983580315e-03	 1.6152069460399e-05	 6.6033619777317e-03
-1.5946724309622e-01	 6.5593148102306e-03	 1.6158512946760e-05	 6.5384719864444e-03
-1.5909025197779e-01	 6.4949324187762e-03	 1.6164961462328e-05	 6.4740831464745e-03
-1.5871326085936e-01	 6.4310485171148e-03	 1.6171414973193e-05	 6.4101927913022e-03
-1.5833626974093e-01	 6.3676604459417e-03	 1.6177873442890e-05	 6.3467982616594e-03
-1.5795927862249e-01	 6.3047655531378e-03	 1.6184336832587e-05	 6.2838969054658e-03
-1.5758228750406e-01	 6.2423611938232e-03	 1.6190805101286e-05	 6.2214860778825e-03
-1.5720529638563e-01	 6.1804447303637e-03	 1.6197278206034e-05	 6.1595631413183e-03
-1.5682830526720e-01	 6.1190135323952e-03	 1.6203756102143e-05	 6.0981254654536e-03
-1.5645131414877e-01	 6.0580649768329e-03	 1.6210238743412e-05	 6.0371704272500e-03
-1.5607432303034e-01	 5.9975964479383e-03	 1.6216726082363e-05	 5.9766954110165e-03
-1.5569733191191e-01	 5.9376053372839e-03	 1.6223218070473e-05	 5.9166978083740e-03
-1.5532034079348e-01	 5.8780890438582e-03	 1.6229714658407e-05	 5.8571750183604e-03
-1.5494334967505e-01	 5.8190449740268e-03	 1.6236215796257e-05	 5.7981244473911e-03
-1.5456635855662e-01	 5.7604705416176e-03	 1.6242721433773e-05	 5.7395435093445e-03
-1.5418936743819e-01	 5.7023631679856e-03	 1.6249231520590e-05	 5.6814296256256e-03
-1.5381237631976e-01	 5.6447202819690e-03	 1.6255746006456e-05	 5.6237802251231e-03
-1.5343538520133e-01	 5.5875393200202e-03	 1.6262264841443e-05	 5.5665927443393e-03
-1.5305839408289e-01	 5.5308177261872e-03	 1.6268787976154e-05	 5.5098646273717e-03
-1.5268140296446e-01	 5.4745529522064e-03	 1.6275315361919e-05	 5.4535933260050e-03
-1.5230441184603e-01	 5.4187424575154e-03	 1.6281846950979e-05	 5.3977762997250e-03
-1.5192742072760e-01	 5.3633837092958e-03	 1.6288382696650e-05	 5.3424110157597e-03
-1.5155042960917e-01	 5.3084741825639e-03	 1.6294922553486e-05	 5.2874949491710e-03
-1.5117343849074e-01	 5.2540113601458e-03	 1.6301466477407e-05	 5.2330255828290e-03
-1.5079644737231e-01	 5.1999927327708e-03	 1.6308014425824e-05	 5.1790004075056e-03
-1.5041945625388e-01	 5.1464157991029e-03	 1.6314566357744e-05	 5.1254169219057e-03
-1.5004246513545e-01	 5.0932780657778e-03	 1.6321122233848e-05	 5.0722726327046e-03
-1.4966547401702e-01	 5.0405770474200e-03	 1.6327682016559e-05	 5.0195650545640e-03
-1.4928848289859e-01	 4.9883102667085e-03	 1.6334245670089e-05	 4.9672917101991e-03
-1.4891149178016e-01	 4.9364752543915e-03	 1.6340813160460e-05	 4.9154501303916e-03
-1.4853450066173e-01	 4.8850695493129e-03	 1.6347384455514e-05	 4.8640378540180e-03
-1.4815750954329e-01	 4.8340906984334e-03	 1.6353959524899e-05	 4.8130524280691e-03
-1.4778051842486e-01	 4.7835362568750e-03	 1.6360538340038e-05	 4.7624914076956e-03
-1.4740352730643e-01	 4.7334037878881e-03	 1.6367120874083e-05	 4.7123523561746e-03
-1.4702653618800e-01	 4.6836908629107e-03	 1.6373707101846e-05	 4.6626328449695e-03
-1.4664954506957e-01	 4.6343950615628e-03	 1.6380296999719e-05	 4.6133304537237e-03
-1.4627255395114e-01	 4.5855139716017e-03	 1.6386890545585e-05	 4.5644427702167e-03
-1.4589556283271e-01	 4.5370451889972e-03	 1.6393487718701e-05	 4.5159673904391e-03
-1.4551857171428e-01	 4.4889863178632e-03	 1.6400088499590e-05	 4.4679019185242e-03
-1.4514158059585e-01	 4.4413349704691e-03	 1.6406692869910e-05	 4.4202439667598e-03
-1.4476458947742e-01	 4.3940887672230e-03	 1.6413300812318e-05	 4.3729911555713e-03
-1.4438759835899e-01	 4.3472453366292e-03	 1.6419912310339e-05	 4.3261411134795e-03
-1.4401060724056e-01	 4.3008023152665e-03	 1.6426527348222e-05	 4.2796914770789e-03
-1.4363361612213e-01	 4.2547573478087e-03	 1.6433145910803e-05	 4.2336398910585e-03
-1.4325662500369e-01	 4.2091080869004e-03	 1.6439767983366e-05	 4.1879840080776e-03
-1.4287963388526e-01	 4.1638521931925e-03	 1.6446393551515e-05	 4.1427214888016e-03
-1.4250264276683e-01	 4.1189873352505e-03	 1.6453022601053e-05	 4.0978500018101e-03
-1.4212565164840e-01	 4.0745111895540e-03	 1.6459655117864e-05	 4.0533672235967e-03
-1.4174866052997e-01	 4.0304214404045e-03	 1.6466291087824e-05	 4.0092708384772e-03
-1.4137166941154e-01	 3.9867157799122e-03	 1.6472930496712e-05	 3.9655585385761e-03
-1.4099467829311e-01	 3.9433919079129e-03	 1.6479573330152e-05	 3.9222280237433e-03
-1.4061768717468e-01	 3.9004475319651e-03	 1.6486219573570e-05	 3.8792770015521e-03
-1.4024069605625e-01	 3.8578803672468e-03	 1.6492869212176e-05	 3.8367031871952e-03
-1.3986370493782e-01	 3.8156881365330e-03	 1.6499522230972e-05	 3.7945043034626e-03
-1.3948671381939e-01	 3.7738685701362e-03	 1.6506178614792e-05	 3.7526780806820e-03
-1.3910972270096e-01	 3.7324194058683e-03	 1.6512838348362e-05	 3.7112222566805e-03
-1.3873273158253e-01	 3.6913383889961e-03	 1.6519501416408e-05	 3.6701345767403e-03
-1.3835574046409e-01	 3.6506232721681e-03	 1.6526167803778e-05	 3.6294127935249e-03
-1.3797874934566e-01	 3.6102718154184e-03	 1.6532837495617e-05	 3.5890546670834e-03
-1.3760175822723e-01	 3.5702817861055e-03	 1.6539510477561e-05	 3.5490579647885e-03
-1.3722476710880e-01	 3.5306509589042e-03	 1.6546186735983e-05	 3.5094204613288e-03
-1.3684777599037e-01	 3.4913771157537e-03	 1.6552866258261e-05	 3.4701399386561e-03
-1.3647078487194e-01	 3.4524580458667e-03	 1.6559549033091e-05	 3.4312141859942e-03
-1.3609379375351e-01	 3.4138915457014e-03	 1.6566235050837e-05	 3.3926409998112e-03
-1.3571680263508e-01	 3.3756754189738e-03	 1.6572924303911e-05	 3.3544181838305e-03
-1.3533981151665e-01	 3.3378074766393e-03	 1.6579616787188e-05	 3.3165435490127e-03
-1.3496282039822e-01	 3.3002855369307e-03	 1.6586312498461e-05	 3.2790149135928e-03
-1.3458582927979e-01	 3.2631074253448e-03	 1.6593011438918e-05	 3.2418301030664e-03
-1.3420883816136e-01	 3.2262709747259e-03	 1.6599713613655e-05	 3.2049869502728e-03
-1.3383184704293e-01	 3.1897740252446e-03	 1.6606419032210e-05	 3.1684832953730e-03
-1.3345485592449e-01	 3.1536144244611e-03	 1.6613127709121e-05	 3.1323169859125e-03
-1.3307786480606e-01	 3.1177900274061e-03	 1.6619839664512e-05	 3.0964858769021e-03
-1.3270087368763e-01	 3.0822986966175e-03	 1.6626554924681e-05	 3.0609878308534e-03
-1.3232388256920e-01	 3.0471383022146e-03	 1.6633273522715e-05	 3.0258207178525e-03
-1.3194689145077e-01	 3.0123067219603e-03	 1.6639995499102e-05	 2.9909824156218e-03
-1.3156990033234e-01	 2.9778018414323e-03	 1.6646720902352e-05	 2.9564708096905e-03
-1.3119290921391e-01	 2.9436215539610e-03	 1.6653449789615e-05	 2.9222837933320e-03
-1.3081591809548e-01	 2.9097637609137e-03	 1.6660182227295e-05	 2.8884192678470e-03
-1.3043892697705e-01	 2.8762263716470e-03	 1.6666918291645e-05	 2.8548751425159e-03
-1.3006193585862e-01	 2.8430073036972e-03	 1.6673658069354e-05	 2.8216493347885e-03
-1.2968494474019e-01	 2.8101044828907e-03	 1.6680401658104e-05	 2.7887397703932e-03
-1.2930795362176e-01	 2.7775158434603e-03	 1.6687149167100e-05	 2.7561443834538e-03
-1.2893096250333e-01	 2.7452393281208e-03	 1.6693900717568e-05	 2.7238611165639e-03
-1.2855397138489e-01	 2.7132728882981e-03	 1.6700656443211e-05	 2.6918879210155e-03
-1.2817698026646e-01	 2.6816144841152e-03	 1.6707416490617e-05	 2.6602227567852e-03
-1.2779998914803e-01	 2.6502620846322e-03	 1.6714181019619e-05	 2.6288635927731e-03
-1.2742299802960e-01	 2.6192136678991e-03	 1.6720950203599e-05	 2.5978084068561e-03
-1.2704600691117e-01	 2.5884672211086e-03	 1.6727724229721e-05	 2.5670551860395e-03
-1.2666901579274e-01	 2.5580207406825e-03	 1.6734503299110e-05	 2.5366019265440e-03
-1.2629202467431e-01	 2.5278722324032e-03	 1.6741287626948e-05	 2.5064466339368e-03
-1.2591503355588e-01	 2.4980197114851e-03	 1.6748077442497e-05	 2.4765873232032e-03
-1.2553804243745e-01	 2.4684612026741e-03	 1.6754872989042e-05	 2.4470220188456e-03
-1.2516105131902e-01	 2.4391947403504e-03	 1.6761674523751e-05	 2.4177487549872e-03
-1.2478406020059e-01	 2.4102183685479e-03	 1.6768482317443e-05	 2.3887655753910e-03
-1.2440706908216e-01	 2.3815301410667e-03	 1.6775296654267e-05	 2.3600705335730e-03
-1.2403007796373e-01	 2.3531281214775e-03	 1.6782117831291e-05	 2.3316616928069e-03
-1.2365308684529e-01	 2.3250103831282e-03	 1.6788946157997e-05	 2.3035371261309e-03
-1.2327609572686e-01	 2.2971750092179e-03	 1.6795781955674e-05	 2.2756949164229e-03
-1.2289910460843e-01	 2.2696200927277e-03	 1.6802625556719e-05	 2.2481331563315e-03
-1.2252211349000e-01	 2.2423437364298e-03	 1.6809477303848e-05	 2.2208499482865e-03
-1.2214512237157e-01	 2.2153440528237e-03	 1.6816337549203e-05	 2.1938434044351e-03
-1.2176813125314e-01	 2.1886191640934e-03	 1.6823206653369e-05	 2.1671116466007e-03
-1.2139114013471e-01	 2.1621672019733e-03	 1.6830084984299e-05	 2.1406528061496e-03
-1.2101414901628e-01	 2.1359863077117e-03	 1.6836972916154e-05	 2.1144650239562e-03
-1.2063715789785e-01	 2.1100746318854e-03	 1.6843870828053e-05	 2.0885464502179e-03
-1.2026016677942e-01	 2.0844303342764e-03	 1.6850779102744e-05	 2.0628952443342e-03
-1.1988317566099e-01	 2.0590515836900e-03	 1.6857698125202e-05	 2.0375095747254e-03
-1.1950618454256e-01	 2.0339365577735e-03	 1.6864628281148e-05	 2.0123876186530e-03
-1.1912919342412e-01	 2.0090834427983e-03	 1.6871569955519e-05	 1.9875275620034e-03
-1.1875220230569e-01	 1.9844904334387e-03	 1.6878523530861e-05	 1.9629275990685e-03
-1.1837521118726e-01	 1.9601557324871e-03	 1.6885489385690e-05	 1.9385859322620e-03
-1.1799822006883e-01	 1.9360775506394e-03	 1.6892467892799e-05	 1.9145007719072e-03
-1.1762122895040e-01	 1.9122541061295e-03	 1.6899459417537e-05	 1.8906703358725e-03
-1.1724423783197e-01	 1.8886836244782e-03	 1.6906464316062e-05	 1.8670928493227e-03
-1.1686724671354e-01	 1.8653643381763e-03	 1.6913482933580e-05	 1.8437665444033e-03
-1.1649025559511e-01	 1.8422944863379e-03	 1.6920515602576e-05	 1.8206896598959e-03
-1.1611326447668e-01	 1.8194723143159e-03	 1.6927562641052e-05	 1.7978604408354e-03
-1.1573627335825e-01	 1.7968960734067e-03	 1.6934624350784e-05	 1.7752771382166e-03
-1.1535928223982e-01	 1.7745640204764e-03	 1.6941701015593e-05	 1.7529380086214e-03
-1.1498229112139e-01	 1.7524744175595e-03	 1.6948792899670e-05	 1.7308413138204e-03
-1.1460530000296e-01	 1.7306255314941e-03	 1.6955900245932e-05	 1.7089853204088e-03
-1.1422830888452e-01	 1.7090156335910e-03	 1.6963023274451e-05	 1.6873682994771e-03
-1.1385131776609e-01	 1.6876429992156e-03	 1.6970162180942e-05	 1.6659885261953e-03
-1.1347432664766e-01	 1.6665059074503e-03	 1.6977317135337e-05	 1.6448442794755e-03
-1.1309733552923e-01	 1.6456026406987e-03	 1.6984488280448e-05	 1.6239338415789e-03
-1.1272034441080e-01	 1.6249314843926e-03	 1.6991675730730e-05	 1.6032554978225e-03
-1.1234335329237e-01	 1.6044907266036e-03	 1.6998879571158e-05	 1.5828075361930e-03
-1.1196636217394e-01	 1.5842786577416e-03	 1.7006099856223e-05	 1.5625882470460e-03
-1.1158937105551e-01	 1.5642935702507e-03	 1.7013336609054e-05	 1.5425959228023e-03
-1.1121237993708e-01	 1.5445337583388e-03	 1.7020589820681e-05	 1.5228288576787e-03
-1.1083538881865e-01	 1.5249975176926e-03	 1.7027859449443e-05	 1.5032853474037e-03
-1.1045839770022e-01	 1.5056831452593e-03	 1.7035145420544e-05	 1.4839636889994e-03
-1.1008140658179e-01	 1.4865889390337e-03	 1.7042447625774e-05	 1.4648621805685e-03
-1.0970441546336e-01	 1.4677131979110e-03	 1.7049765923381e-05	 1.4459791211482e-03
-1.0932742434492e-01	 1.4490542214891e-03	 1.7057100138127e-05	 1.4273128105116e-03
-1.0895043322649e-01	 1.4306103100576e-03	 1.7064450061493e-05	 1.4088615491568e-03
-1.0857344210806e-01	 1.4123797644201e-03	 1.7071815452079e-05	 1.3906236381286e-03
-1.0819645098963e-01	 1.3943608859462e-03	 1.7079196036157e-05	 1.3725973790707e-03
-1.0781945987120e-01	 1.3765519765756e-03	 1.7086591508414e-05	 1.3547810742278e-03
-1.0744246875277e-01	 1.3589513388108e-03	 1.7094001532853e-05	 1.3371730264385e-03
-1.0706547763434e-01	 1.3415572758913e-03	 1.7101425743879e-05	 1.3197715393081e-03
-1.0668848651591e-01	 1.3243680918959e-03	 1.7108863747535e-05	 1.3025749173090e-03
-1.0631149539748e-01	 1.3073820919548e-03	 1.7116315122914e-05	 1.2855814659924e-03
-1.0593450427905e-01	 1.2905975824269e-03	 1.7123779423716e-05	 1.2687894921638e-03
-1.0555751316062e-01	 1.2740128712466e-03	 1.7131256179966e-05	 1.2521973042272e-03
-1.0518052204219e-01	 1.2576262681839e-03	 1.7138744899859e-05	 1.2358032124447e-03
-1.0480353092376e-01	 1.2414360852308e-03	 1.7146245071751e-05	 1.2196055293197e-03
-1.0442653980532e-01	 1.2254406369854e-03	 1.7153756166262e-05	 1.2036025699798e-03
-1.0404954868689e-01	 1.2096382411619e-03	 1.7161277638495e-05	 1.1877926526840e-03
-1.0367255756846e-01	 1.1940272189984e-03	 1.7168808930352e-05	 1.1721740992287e-03
-1.0329556645003e-01	 1.1786058957991e-03	 1.7176349472937e-05	 1.1567452354868e-03
-1.0291857533160e-01	 1.1633726015184e-03	 1.7183898689033e-05	 1.1415043919900e-03
-1.0254158421317e-01	 1.1483256713207e-03	 1.7191455995636e-05	 1.1264499044856e-03
-1.0216459309474e-01	 1.1334634462352e-03	 1.7199020806531e-05	 1.1115801145892e-03
-1.0178760197631e-01	 1.1187842737173e-03	 1.7206592534901e-05	 1.0968933703430e-03
-1.0141061085788e-01	 1.1042865084239e-03	 1.7214170595941e-05	 1.0823880269886e-03
-1.0103361973945e-01	 1.0899685128141e-03	 1.7221754409476e-05	 1.0680624475652e-03
-1.0065662862102e-01	 1.0758286578757e-03	 1.7229343402553e-05	 1.0539150036337e-03
-1.0027963750259e-01	 1.0618653238777e-03	 1.7236937011999e-05	 1.0399440760263e-03
-9.9902646384155e-02	 1.0480769009891e-03	 1.7244534686926e-05	 1.0261480554628e-03
-9.9525655265725e-02	 1.0344617900925e-03	 1.7252135891162e-05	 1.0125253433619e-03
-9.9148664147294e-02	 1.0210184034441e-03	 1.7259740105599e-05	 9.9907435249913e-04
-9.8771673028863e-02	 1.0077451653901e-03	 1.7267346830443e-05	 9.8579350772021e-04
-9.8394681910432e-02	 9.9464051305581e-04	 1.7274955587336e-05	 9.7268124662908e-04
-9.8017690792002e-02	 9.8170289703941e-04	 1.7282565921354e-05	 9.5973602027866e-04
-9.7640699673571e-02	 9.6893078201975e-04	 1.7290177402854e-05	 9.4695629377750e-04
-9.7263708555140e-02	 9.5632264744761e-04	 1.7297789629160e-05	 9.3434054697905e-04
-9.6886717436709e-02	 9.4387698803137e-04	 1.7305402226078e-05	 9.2188727496589e-04
-9.6509726318278e-02	 9.3159231440274e-04	 1.7313014849219e-05	 9.0959498871412e-04
-9.6132735199848e-02	 9.1946715353910e-04	 1.7320627185133e-05	 8.9746221551457e-04
-9.5755744081417e-02	 9.0750004925634e-04	 1.7328238952231e-05	 8.8548749946471e-04
-9.5378752962986e-02	 8.9568956259607e-04	 1.7335849901494e-05	 8.7366940185518e-04
-9.5001761844555e-02	 8.8403427223755e-04	 1.7343459816962e-05	 8.6200650158119e-04
-9.4624770726125e-02	 8.7253277471564e-04	 1.7351068515991e-05	 8.5049739536025e-04
-9.4247779607694e-02	 8.6118368466643e-04	 1.7358675849284e-05	 8.3914069797775e-04
-9.3870788489263e-02	 8.4998563502709e-04	 1.7366281700683e-05	 8.2793504248702e-04
-9.3493797370832e-02	 8.3893727709118e-04	 1.7373885986723e-05	 8.1687908026506e-04
-9.3116806252401e-02	 8.2803728052015e-04	 1.7381488655962e-05	 8.0597148102479e-04
-9.2739815133971e-02	 8.1728433332612e-04	 1.7389089688066e-05	 7.9521093279866e-04
-9.2362824015540e-02	 8.0667714168526e-04	 1.7396689092673e-05	 7.8459614175319e-04
-9.1985832897109e-02	 7.9621442979826e-04	 1.7404286908032e-05	 7.7412583205083e-04
-9.1608841778678e-02	 7.8589493953375e-04	 1.7411883199430e-05	 7.6379874549493e-04
-9.1231850660248e-02	 7.7571743008679e-04	 1.7419478057413e-05	 7.5361364118998e-04
-9.0854859541817e-02	 7.6568067753321e-04	 1.7427071595811e-05	 7.4356929509800e-04
-9.0477868423386e-02	 7.5578347434246e-04	 1.7434663949583e-05	 7.3366449955348e-04
-9.0100877304955e-02	 7.4602462871621e-04	 1.7442255272504e-05	 7.2389806260431e-04
-8.9723886186524e-02	 7.3640296394899e-04	 1.7449845734691e-05	 7.1426880737491e-04
-8.9346895068094e-02	 7.2691731767528e-04	 1.7457435520008e-05	 7.0477557131587e-04
-8.8969903949663e-02	 7.1756654110439e-04	 1.7465024823352e-05	 6.9541720544164e-04
-8.8592912831232e-02	 7.0834949803138e-04	 1.7472613847857e-05	 6.8619257334412e-04
-8.8215921712801e-02	 6.9926506403058e-04	 1.7480202802023e-05	 6.7710055038916e-04
-8.7838930594371e-02	 6.9031212535826e-04	 1.7487791896805e-05	 6.6814002262205e-04
-8.7461939475940e-02	 6.8148957796441e-04	 1.7495381342683e-05	 6.5930988578233e-04
-8.7084948357509e-02	 6.7279632636725e-04	 1.7502971346731e-05	 6.5060904418113e-04
-8.6707957239078e-02	 6.6423128255959e-04	 1.7510562109727e-05	 6.4203640961047e-04
-8.6330966120648e-02	 6.5579336480109e-04	 1.7518153823320e-05	 6.3359090013837e-04
-8.5953975002217e-02	 6.4748149641601e-04	 1.7525746667275e-05	 6.2527143890934e-04
-8.5576983883786e-02	 6.3929460469171e-04	 1.7533340806844e-05	 6.1707695304547e-04
-8.5199992765355e-02	 6.3123161951145e-04	 1.7540936390269e-05	 6.0900637228178e-04
-8.4823001646924e-02	 6.2329147222340e-04	 1.7548533546453e-05	 6.0105862783755e-04
-8.4446010528494e-02	 6.1547309437964e-04	 1.7556132382834e-05	 5.9323265115740e-04
-8.4069019410063e-02	 6.0777541654908e-04	 1.7563732983472e-05	 5.8552737272621e-04
-8.3692028291632e-02	 6.0019736713932e-04	 1.7571335407381e-05	 5.7794172089254e-04
-8.3315037173201e-02	 5.9273787118250e-04	 1.7578939687142e-05	 5.7047462065596e-04
-8.2938046054771e-02	 5.8539584929798e-04	 1.7586545827801e-05	 5.6312499263078e-04
-8.2561054936340e-02	 5.7817021654556e-04	 1.7594153806086e-05	 5.5589175190007e-04
-8.2184063817909e-02	 5.7105988149376e-04	 1.7601763569958e-05	 5.4877380708440e-04
-8.1807072699478e-02	 5.6406374513774e-04	 1.7609375038524e-05	 5.4177005925982e-04
-8.1430081581047e-02	 5.5718070017136e-04	 1.7616988102312e-05	 5.3487940122965e-04
-8.1053090462617e-02	 5.5040963004527e-04	 1.7624602623936e-05	 5.2810071658194e-04
-8.0676099344186e-02	 5.4374940839089e-04	 1.7632218439165e-05	 5.2143287911233e-04
-8.0299108225755e-02	 5.3719889826736e-04	 1.7639835358389e-05	 5.1487475206957e-04
-7.9922117107324e-02	 5.3075695171535e-04	 1.7647453168514e-05	 5.0842518770744e-04
-7.9545125988894e-02	 5.2442240934238e-04	 1.7655071635269e-05	 5.0208302686772e-04
-7.9168134870463e-02	 5.1819410005220e-04	 1.7662690505938e-05	 4.9584709870687e-04
-7.8791143752032e-02	 5.1207084076286e-04	 1.7670309512521e-05	 4.8971622041094e-04
-7.8414152633601e-02	 5.0605143648841e-04	 1.7677928375307e-05	 4.8368919727371e-04
-7.8037161515170e-02	 5.0013468033950e-04	 1.7685546806865e-05	 4.7776482269324e-04
-7.7660170396740e-02	 4.9431935372347e-04	 1.7693164516444e-05	 4.7194187836763e-04
-7.7283179278309e-02	 4.8860422672219e-04	 1.7700781214753e-05	 4.6621913466804e-04
-7.6906188159878e-02	 4.8298805855230e-04	 1.7708396619133e-05	 4.6059535109377e-04
-7.6529197041447e-02	 4.7746959816193e-04	 1.7716010459080e-05	 4.5506927686345e-04
-7.6152205923017e-02	 4.7204758500249e-04	 1.7723622482108e-05	 4.4963965168099e-04
-7.5775214804586e-02	 4.6672074990231e-04	 1.7731232459926e-05	 4.4430520660299e-04
-7.5398223686155e-02	 4.6148781610968e-04	 1.7738840194909e-05	 4.3906466507537e-04
-7.5021232567724e-02	 4.5634750041368e-04	 1.7746445526816e-05	 4.3391674404747e-04
-7.4644241449293e-02	 4.5129851444169e-04	 1.7754048339741e-05	 4.2886015526256e-04
-7.4267250330863e-02	 4.4633956611090e-04	 1.7761648569255e-05	 4.2389360670225e-04
-7.3890259212432e-02	 4.4146936105570e-04	 1.7769246209693e-05	 4.1901580400661e-04
-7.3513268094001e-02	 4.3668660436278e-04	 1.7776841321560e-05	 4.1422545220182e-04
-7.3136276975570e-02	 4.3199000229240e-04	 1.7784434039001e-05	 4.0952125741400e-04
-7.2759285857140e-02	 4.2737826410672e-04	 1.7792024577299e-05	 4.0490192869003e-04
-7.2382294738709e-02	 4.2285010402962e-04	 1.7799613240349e-05	 4.0036617994987e-04
-7.2005303620278e-02	 4.1840424324949e-04	 1.7807200428060e-05	 3.9591273198203e-04
-7.1628312501847e-02	 4.1403941205814e-04	 1.7814786643635e-05	 3.9154031457511e-04
-7.1251321383416e-02	 4.0975435189499e-04	 1.7822372500678e-05	 3.8724766855491e-04
-7.0874330264986e-02	 4.0554781769500e-04	 1.7829958730077e-05	 3.8303354812552e-04
-7.0497339146555e-02	 4.0141858000730e-04	 1.7837546186599e-05	 3.7889672298130e-04
-7.0120348028124e-02	 3.9736542731050e-04	 1.7845135855164e-05	 3.7483598061594e-04
-6.9743356909693e-02	 3.9338716827685e-04	 1.7852728856714e-05	 3.7085012858074e-04
-6.9366365791263e-02	 3.8948263404585e-04	 1.7860326453650e-05	 3.6693799675280e-04
-6.8989374672832e-02	 3.8565068047143e-04	 1.7867930054765e-05	 3.6309843957727e-04
-6.8612383554401e-02	 3.8189019034796e-04	 1.7875541219624e-05	 3.5933033828894e-04
-6.8235392435970e-02	 3.7820007558365e-04	 1.7883161662345e-05	 3.5563260308191e-04
-6.7858401317540e-02	 3.7457927932218e-04	 1.7890793254717e-05	 3.5200417522807e-04
-6.7481410199109e-02	 3.7102677800249e-04	 1.7898438028614e-05	 3.4844402913448e-04
-6.7104419080678e-02	 3.6754158328508e-04	 1.7906098177655e-05	 3.4495117426803e-04
-6.6727427962247e-02	 3.6412274390989e-04	 1.7913776058066e-05	 3.4152465701243e-04
-6.6350436843816e-02	 3.6076934743477e-04	 1.7921474188699e-05	 3.3816356240668e-04
-6.5973445725386e-02	 3.5748052183126e-04	 1.7929195250164e-05	 3.3486701574170e-04
-6.5596454606955e-02	 3.5425543692351e-04	 1.7936942083054e-05	 3.3163418400106e-04
-6.5219463488524e-02	 3.5109330572640e-04	 1.7944717685210e-05	 3.2846427720179e-04
-6.4842472370093e-02	 3.4799338551715e-04	 1.7952525208009e-05	 3.2535654946975e-04
-6.4465481251663e-02	 3.4495497878513e-04	 1.7960367951654e-05	 3.2231029999408e-04
-6.4088490133232e-02	 3.4197743400509e-04	 1.7968249359434e-05	 3.1932487380626e-04
-6.3711499014801e-02	 3.3906014611894e-04	 1.7976173010952e-05	 3.1639966226860e-04
-6.3334507896370e-02	 3.3620255693604e-04	 1.7984142614305e-05	 3.1353410348234e-04
-6.2957516777939e-02	 3.3340415512851e-04	 1.7992161997211e-05	 3.1072768229190e-04
-6.2580525659509e-02	 3.3066447617538e-04	 1.8000235097088e-05	 3.0797993023890e-04
-6.2203534541078e-02	 3.2798310197139e-04	 1.8008365950088e-05	 3.0529042518190e-04
-6.1826543422647e-02	 3.2535966017655e-04	 1.8016558679102e-05	 3.0265879065805e-04
-6.1449552304216e-02	 3.2279382340883e-04	 1.8024817480750e-05	 3.0008469508869e-04
-6.1072561185786e-02	 3.2028530806608e-04	 1.8033146611381e-05	 2.9756785061530e-04
-6.0695570067355e-02	 3.1783387297920e-04	 1.8041550372122e-05	 2.9510801176769e-04
-6.0318578948924e-02	 3.1543931779364e-04	 1.8050033092994e-05	 2.9270497386125e-04
-5.9941587830493e-02	 3.1310148111888e-04	 1.8058599116156e-05	 2.9035857116333e-04
-5.9564596712062e-02	 3.1082023832125e-04	 1.8067252778306e-05	 2.8806867470355e-04
-5.9187605593632e-02	 3.0859549926071e-04	 1.8075998392311e-05	 2.8583519002900e-04
-5.8810614475201e-02	 3.0642720557776e-04	 1.8084840228110e-05	 2.8365805451025e-04
-5.8433623356770e-02	 3.0431532793259e-04	 1.8093782492963e-05	 2.8153723460023e-04
-5.8056632238339e-02	 3.0225986287261e-04	 1.8102829311107e-05	 2.7947272272211e-04
-5.7679641119909e-02	 3.0026082956297e-04	 1.8111984702907e-05	 2.7746453402067e-04
-5.7302650001478e-02	 2.9831826632755e-04	 1.8121252563563e-05	 2.7551270292459e-04
-5.6925658883047e-02	 2.9643222688999e-04	 1.8130636641482e-05	 2.7361727940911e-04
-5.6548667764616e-02	 2.9460277660515e-04	 1.8140140516373e-05	 2.7177832524938e-04
-5.6171676646185e-02	 2.9282998833818e-04	 1.8149767577183e-05	 2.6999590992161e-04
-5.5794685527755e-02	 2.9111393836832e-04	 1.8159520999961e-05	 2.6827010652897e-04
-5.5417694409324e-02	 2.8945470200961e-04	 1.8169403725743e-05	 2.6660098744447e-04
-5.5040703290893e-02	 2.8785234925823e-04	 1.8179418438574e-05	 2.6498861998026e-04
-5.4663712172462e-02	 2.8630694024165e-04	 1.8189567543758e-05	 2.6343306185850e-04
-5.4286721054032e-02	 2.8481852064707e-04	 1.8199853146455e-05	 2.6193435666122e-04
-5.3909729935601e-02	 2.8338711713687e-04	 1.8210277030729e-05	 2.6049252926674e-04
-5.3532738817170e-02	 2.8201273258881e-04	 1.8220840639158e-05	 2.5910758111025e-04
-5.3155747698739e-02	 2.8069534154705e-04	 1.8231545053119e-05	 2.5777948565453e-04
-5.2778756580309e-02	 2.7943488547588e-04	 1.8242390973856e-05	 2.5650818366263e-04
-5.2401765461878e-02	 2.7823126824243e-04	 1.8253378704450e-05	 2.5529357869858e-04
-5.2024774343447e-02	 2.7708435155411e-04	 1.8264508132797e-05	 2.5413553258191e-04
-5.1647783225016e-02	 2.7599395046612e-04	 1.8275778715703e-05	 2.5303386091102e-04
-5.1270792106585e-02	 2.7495982912994e-04	 1.8287189464210e-05	 2.5198832882634e-04
-5.0893800988155e-02	 2.7398169658276e-04	 1.8298738930257e-05	 2.5099864681311e-04
-5.0516809869724e-02	 2.7305920268427e-04	 1.8310425194772e-05	 2.5006446665010e-04
-5.0139818751293e-02	 2.7219193436254e-04	 1.8322245857314e-05	 2.4918537766583e-04
-4.9762827632862e-02	 2.7137941192142e-04	 1.8334198027333e-05	 2.4836090305469e-04
-4.9385836514432e-02	 2.7062108572631e-04	 1.8346278317169e-05	 2.4759049656975e-04
-4.9008845396001e-02	 2.6991633302962e-04	 1.8358482836851e-05	 2.4687353935338e-04
-4.8631854277570e-02	 2.6926445519166e-04	 1.8370807190796e-05	 2.4620933716146e-04
-4.8254863159139e-02	 2.6866467507282e-04	 1.8383246476469e-05	 2.4559711775696e-04
-4.7877872040708e-02	 2.6811613490237e-04	 1.8395795285074e-05	 2.4503602877790e-04
-4.7500880922278e-02	 2.6761789433861e-04	 1.8408447704342e-05	 2.4452513579487e-04
-4.7123889803847e-02	 2.6716892900079e-04	 1.8421197323459e-05	 2.4406342083794e-04
-4.6746898685416e-02	 2.6676812931217e-04	 1.8434037240182e-05	 2.4364978123259e-04
-4.6369907566985e-02	 2.6641429977680e-04	 1.8446960070178e-05	 2.4328302886722e-04
-4.5992916448555e-02	 2.6610615861032e-04	 1.8459957958606e-05	 2.4296188981232e-04
-4.5615925330124e-02	 2.6584233779900e-04	 1.8473022593960e-05	 2.4268500436564e-04
-4.5238934211693e-02	 2.6562138366692e-04	 1.8486145224187e-05	 2.4245092760333e-04
-4.4861943093262e-02	 2.6544175771740e-04	 1.8499316675050e-05	 2.4225813020295e-04
-4.4484951974831e-02	 2.6530183804439e-04	 1.8512527370754e-05	 2.4210499983424e-04
-4.4107960856401e-02	 2.6519992115904e-04	 1.8525767356776e-05	 2.4198984296286e-04
-4.3730969737970e-02	 2.6513422418436e-04	 1.8539026324885e-05	 2.4191088702008e-04
-4.3353978619539e-02	 2.6510288756689e-04	 1.8552293640291e-05	 2.4186628308720e-04
-4.2976987501108e-02	 2.6510397826079e-04	 1.8565558370864e-05	 2.4185410905053e-04
-4.2599996382678e-02	 2.6513549323947e-04	 1.8578809318364e-05	 2.4187237308171e-04
-4.2223005264247e-02	 2.6519536347739e-04	 1.8592035051581e-05	 2.4191901758641e-04
-4.1846014145816e-02	 2.6528145844285e-04	 1.8605223941310e-05	 2.4199192366214e-04
-4.1469023027385e-02	 2.6539159085668e-04	 1.8618364197055e-05	 2.4208891582023e-04
-4.1092031908954e-02	 2.6552352192616e-04	 1.8631443905338e-05	 2.4220776718142e-04
-4.0715040790524e-02	 2.6567496697793e-04	 1.8644451069508e-05	 2.4234620506902e-04
-4.0338049672093e-02	 2.6584360137576e-04	 1.8657373650904e-05	 2.4250191688546e-04
-3.9961058553662e-02	 2.6602706684196e-04	 1.8670199611240e-05	 2.4267255639132e-04
-3.9584067435231e-02	 2.6622297806573e-04	 1.8682916956054e-05	 2.4285575027028e-04
-3.9207076316801e-02	 2.6642892964629e-04	 1.8695513779074e-05	 2.4304910502781e-04
-3.8830085198370e-02	 2.6664250323672e-04	 1.8707978307326e-05	 2.4325021409000e-04
-3.8453094079939e-02	 2.6686127501762e-04	 1.8720298946819e-05	 2.4345666523140e-04
-3.8076102961508e-02	 2.6708282330377e-04	 1.8732464328626e-05	 2.4366604813575e-04
-3.7699111843078e-02	 2.6730473641011e-04	 1.8744463355179e-05	 2.4387596221553e-04
-3.7322120724647e-02	 2.6752462055716e-04	 1.8756285246586e-05	 2.4408402447118e-04
-3.6945129606216e-02	 2.6774010805105e-04	 1.8767919586786e-05	 2.4428787762487e-04
-3.6568138487785e-02	 2.6794886538916e-04	 1.8779356369334e-05	 2.4448519818043e-04
-3.6191147369354e-02	 2.6814860151869e-04	 1.8790586042633e-05	 2.4467370463666e-04
-3.5814156250924e-02	 2.6833707602801e-04	 1.8801599554393e-05	 2.4485116563422e-04
-3.5437165132493e-02	 2.6851210741432e-04	 1.8812388395140e-05	 2.4501540817978e-04
-3.5060174014062e-02	 2.6867158116705e-04	 1.8822944640550e-05	 2.4516432568711e-04
-3.4683182895631e-02	 2.6881345782669e-04	 1.8833260992429e-05	 2.4529588599487e-04
-3.4306191777201e-02	 2.6893578088221e-04	 1.8843330818124e-05	 2.4540813922469e-04
-3.3929200658770e-02	 2.6903668447260e-04	 1.8853148188174e-05	 2.4549922544503e-04
-3.3552209540339e-02	 2.6911440089051e-04	 1.8862707912017e-05	 2.4556738213910e-04
-3.3175218421908e-02	 2.6916726783367e-04	 1.8872005571547e-05	 2.4561095142273e-04
-3.2798227303477e-02	 2.6919373533827e-04	 1.8881037552350e-05	 2.4562838694653e-04
-3.2421236185047e-02	 2.6919237239126e-04	 1.8889801072443e-05	 2.4561826047942e-04
-3.2044245066616e-02	 2.6916187318846e-04	 1.8898294208337e-05	 2.4557926814073e-04
-3.1667253948185e-02	 2.6910106300385e-04	 1.8906515918261e-05	 2.4551023624619e-04
-3.1290262829754e-02	 2.6900890358802e-04	 1.8914466062407e-05	 2.4541012668622e-04
-3.0913271711324e-02	 2.6888449811224e-04	 1.8922145420034e-05	 2.4527804185281e-04
-3.0536280592893e-02	 2.6872709562753e-04	 1.8929555703309e-05	 2.4511322908483e-04
-3.0159289474462e-02	 2.6853609502592e-04	 1.8936699567759e-05	 2.4491508461877e-04
-2.9782298356031e-02	 2.6831104837568e-04	 1.8943580619221e-05	 2.4468315691706e-04
-2.9405307237600e-02	 2.6805166374623e-04	 1.8950203417198e-05	 2.4441714948964e-04
-2.9028316119170e-02	 2.6775780743436e-04	 1.8956573474531e-05	 2.4411692312043e-04
-2.8651325000739e-02	 2.6742950551380e-04	 1.8962697253330e-05	 2.4378249742107e-04
-2.8274333882308e-02	 2.6706694483118e-04	 1.8968582157086e-05	 2.4341405183470e-04
-2.7897342763877e-02	 2.6667047328082e-04	 1.8974236518956e-05	 2.4301192592247e-04
-2.7520351645447e-02	 2.6624059945517e-04	 1.8979669586176e-05	 2.4257661902960e-04
-2.7143360527016e-02	 2.6577799164741e-04	 1.8984891500601e-05	 2.4210878930742e-04
-2.6766369408585e-02	 2.6528347611668e-04	 1.8989913275392e-05	 2.4160925200190e-04
-2.6389378290154e-02	 2.6475803470906e-04	 1.8994746767872e-05	 2.4107897710179e-04
-2.6012387171723e-02	 2.6420280184446e-04	 1.8999404648591e-05	 2.4051908635647e-04
-2.5635396053293e-02	 2.6361906071365e-04	 1.9003900366680e-05	 2.3993084950757e-04
-2.5258404934862e-02	 2.6300823893566e-04	 1.9008248111563e-05	 2.3931567998470e-04
-2.4881413816431e-02	 2.6237190349204e-04	 1.9012462771132e-05	 2.3867512988152e-04
-2.4504422698000e-02	 2.6171175495259e-04	 1.9016559886493e-05	 2.3801088422670e-04
-2.4127431579570e-02	 2.6102962119408e-04	 1.9020555603440e-05	 2.3732475475124e-04
-2.3750440461139e-02	 2.6032745045769e-04	 1.9024466620777e-05	 2.3661867299751e-04
-2.3373449342708e-02	 2.5960730377291e-04	 1.9028310135685e-05	 2.3589468279783e-04
-2.2996458224277e-02	 2.5887134684162e-04	 1.9032103786296e-05	 2.3515493221593e-04
-2.2619467105847e-02	 2.5812184144717e-04	 1.9035865591683e-05	 2.3440166501609e-04
-2.2242475987416e-02	 2.5736113625258e-04	 1.9039613889488e-05	 2.3363721152370e-04
-2.1865484868985e-02	 2.5659165720562e-04	 1.9043367271390e-05	 2.3286397909483e-04
-2.1488493750554e-02	 2.5581589745285e-04	 1.9047144516683e-05	 2.3208444209677e-04
-2.1111502632123e-02	 2.5503640692404e-04	 1.9050964524194e-05	 2.3130113156045e-04
-2.0734511513693e-02	 2.5425578148487e-04	 1.9054846242814e-05	 2.3051662440265e-04
-2.0357520395262e-02	 2.5347665184106e-04	 1.9058808600915e-05	 2.2973353240074e-04
-1.9980529276831e-02	 2.5270167210670e-04	 1.9062870434927e-05	 2.2895449083238e-04
-1.9603538158400e-02	 2.5193350821373e-04	 1.9067050417370e-05	 2.2818214695697e-04
-1.9226547039970e-02	 2.5117482613951e-04	 1.9071366984635e-05	 2.2741914831548e-04
-1.8849555921539e-02	 2.5042827994170e-04	 1.9075838264809e-05	 2.2666813083749e-04
-1.8472564803108e-02	 2.4969649982606e-04	 1.9080482005848e-05	 2.2593170698082e-04
-1.8095573684677e-02	 2.4898208015915e-04	 1.9085315504407e-05	 2.2521245381535e-04
-1.7718582566246e-02	 2.4828756743598e-04	 1.9090355535623e-05	 2.2451290106096e-04
-1.7341591447816e-02	 2.4761544843173e-04	 1.9095618284173e-05	 2.2383551930816e-04
-1.6964600329385e-02	 2.4696813851633e-04	 1.9101119276879e-05	 2.2318270840005e-04
-1.6587609210954e-02	 2.4634796997788e-04	 1.9106873317201e-05	 2.2255678582128e-04
-1.6210618092523e-02	 2.4575718087740e-04	 1.9112894421868e-05	 2.2195997561614e-04
-1.5833626974093e-02	 2.4519790394796e-04	 1.9119195759976e-05	 2.2139439734858e-04
-1.5456635855662e-02	 2.4467215596993e-04	 1.9125789594801e-05	 2.2086205553573e-04
-1.5079644737231e-02	 2.4418182756785e-04	 1.9132687228619e-05	 2.2036482949983e-04
-1.4702653618800e-02	 2.4372867335120e-04	 1.9139898950792e-05	 2.1990446356102e-04
-1.4325662500369e-02	 2.4331430268918e-04	 1.9147433989365e-05	 2.1948255786042e-04
-1.3948671381939e-02	 2.4294017093218e-04	 1.9155300466415e-05	 2.1910055962637e-04
-1.3571680263508e-02	 2.4260757128212e-04	 1.9163505357381e-05	 2.1875975508534e-04
-1.3194689145077e-02	 2.4231762727464e-04	 1.9172054454583e-05	 2.1846126198066e-04
-1.2817698026646e-02	 2.4207128592409e-04	 1.9180952335119e-05	 2.1820602274958e-04
-1.2440706908216e-02	 2.4186931160460e-04	 1.9190202333325e-05	 2.1799479843188e-04
-1.2063715789785e-02	 2.4171228064655e-04	 1.9199806517961e-05	 2.1782816328919e-04
-1.1686724671354e-02	 2.4160057678095e-04	 1.9209765674243e-05	 2.1770650026731e-04
-1.1309733552923e-02	 2.4153438725542e-04	 1.9220079290871e-05	 2.1762999712516e-04
-1.0932742434492e-02	 2.4151369992020e-04	 1.9230745552140e-05	 2.1759864352866e-04
-1.0555751316062e-02	 2.4153830105333e-04	 1.9241761335203e-05	 2.1761222887873e-04
-1.0178760197631e-02	 2.4160777413729e-04	 1.9253122212568e-05	 2.1767034108533e-04
-9.8017690792002e-03	 2.4172149946918e-04	 1.9264822459850e-05	 2.1777236616993e-04
-9.4247779607694e-03	 2.4187865463087e-04	 1.9276855068791e-05	 2.1791748872269e-04
-9.0477868423386e-03	 2.4207821594499e-04	 1.9289211765547e-05	 2.1810469334005e-04
-8.6707957239078e-03	 2.4231896071262e-04	 1.9301883034202e-05	 2.1833276683902e-04
-8.2938046054771e-03	 2.4259947048131e-04	 1.9314858145458e-05	 2.1860030149645e-04
-7.9168134870463e-03	 2.4291813503832e-04	 1.9328125190415e-05	 2.1890569900851e-04
-7.5398223686155e-03	 2.4327315741914e-04	 1.9341671119346e-05	 2.1924717546040e-04
-7.1628312501847e-03	 2.4366255969617e-04	 1.9355481785336e-05	 2.1962276707144e-04
-6.7858401317540e-03	 2.4408418965875e-04	 1.9369541992639e-05	 2.2003033682672e-04
-6.4088490133232e-03	 2.4453572823843e-04	 1.9383835549576e-05	 2.2046758184946e-04
-6.0318578948924e-03	 2.4501469782126e-04	 1.9398345325787e-05	 2.2093204165607e-04
-5.6548667764616e-03	 2.4551847126157e-04	 1.9413053313628e-05	 2.2142110710854e-04
-5.2778756580309e-03	 2.4604428162798e-04	 1.9427940693459e-05	 2.2193203009513e-04
-4.9008845396001e-03	 2.4658923260287e-04	 1.9442987902593e-05	 2.2246193386088e-04
-4.5238934211693e-03	 2.4715030964402e-04	 1.9458174707618e-05	 2.2300782409701e-04
-4.1469023027385e-03	 2.4772439161748e-04	 1.9473480279809e-05	 2.2356660049827e-04
-3.7699111843078e-03	 2.4830826303677e-04	 1.9488883273321e-05	 2.2413506892405e-04
-3.3929200658770e-03	 2.4889862680990e-04	 1.9504361905852e-05	 2.2470995406465e-04
-3.0159289474462e-03	 2.4949211746640e-04	 1.9519894041427e-05	 2.2528791258558e-04
-2.6389378290154e-03	 2.5008531467184e-04	 1.9535457274982e-05	 2.2586554655746e-04
-2.2619467105847e-03	 2.5067475717991e-04	 1.9551029018365e-05	 2.2643941732214e-04
-1.8849555921539e-03	 2.5125695705793e-04	 1.9566586587423e-05	 2.2700605963111e-04
-1.5079644737231e-03	 2.5182841402386e-04	 1.9582107289776e-05	 2.2756199589469e-04
-1.1309733552923e-03	 2.5238563006590e-04	 1.9597568512925e-05	 2.2810375071358e-04
-7.5398223686155e-04	 2.5292512403185e-04	 1.9612947812313e-05	 2.2862786538014e-04
-3.7699111843078e-04	 2.5344344634755e-04	 1.9628222998948e-05	 2.2913091250920e-04
 0.0000000000000e+00	 2.5393719358516e-04	 1.9643372226229e-05	 2.2960951051954e-04
 3.7699111843078e-04	 2.5440302303677e-04	 1.9658374075592e-05	 2.3006033812178e-04
 7.5398223686155e-04	 2.5483766699822e-04	 1.9673207640598e-05	 2.3048014851823e-04
 1.1309733552923e-03	 2.5523794690395e-04	 1.9687852609113e-05	 2.3086578345544e-04
 1.5079644737231e-03	 2.5560078712899e-04	 1.9702289343210e-05	 2.3121418694638e-04
 1.8849555921539e-03	 2.5592322839610e-04	 1.9716498956456e-05	 2.3152241860025e-04
 2.2619467105847e-03	 2.5620244082622e-04	 1.9730463388236e-05	 2.3178766659859e-04
 2.6389378290154e-03	 2.5643573644792e-04	 1.9744165474800e-05	 2.3200726013373e-04
 3.0159289474462e-03	 2.5662058117198e-04	 1.9757589016723e-05	 2.3217868131586e-04
 3.3929200658770e-03	 2.5675460617661e-04	 1.9770718842478e-05	 2.3229957649473e-04
 3.7699111843078e-03	 2.5683561866814e-04	 1.9783540867844e-05	 2.3236776696089e-04
 4.1469023027385e-03	 2.5686161189031e-04	 1.9796042150899e-05	 2.3238125890002e-04
 4.5238934211693e-03	 2.5683077441200e-04	 1.9808210942355e-05	 2.3233825263025e-04
 4.9008845396001e-03	 2.5674149864808e-04	 1.9820036731005e-05	 2.3223715107767e-04
 5.2778756580309e-03	 2.5659238850505e-04	 1.9831510284102e-05	 2.3207656738156e-04
 5.6548667764616e-03	 2.5638226619368e-04	 1.9842623682482e-05	 2.3185533167180e-04
 6.0318578948924e-03	 2.5611017810797e-04	 1.9853370350281e-05	 2.3157249691830e-04
 6.4088490133232e-03	 2.5577539985873e-04	 1.9863745079122e-05	 2.3122734394021e-04
 6.7858401317540e-03	 2.5537744021559e-04	 1.9873744046659e-05	 2.3081938532954e-04
 7.1628312501847e-03	 2.5491604423664e-04	 1.9883364829412e-05	 2.3034836856783e-04
 7.5398223686155e-03	 2.5439119530645e-04	 1.9892606409819e-05	 2.2981427805724e-04
 7.9168134870463e-03	 2.5380311618333e-04	 1.9901469177501e-05	 2.2921733616643e-04
 8.2938046054771e-03	 2.5315226913129e-04	 1.9909954924709e-05	 2.2855800336719e-04
 8.6707957239078e-03	 2.5243935494554e-04	 1.9918066836004e-05	 2.2783697727013e-04
 9.0477868423386e-03	 2.5166531103955e-04	 1.9925809472189e-05	 2.2705519072796e-04
 9.4247779607694e-03	 2.5083130849407e-04	 1.9933188748594e-05	 2.2621380890608e-04
 9.8017690792002e-03	 2.4993874821364e-04	 1.9940211907790e-05	 2.2531422546646e-04
 1.0178760197631e-02	 2.4898925603852e-04	 1.9946887486866e-05	 2.2435805771226e-04
 1.0555751316062e-02	 2.4798467690691e-04	 1.9953225279421e-05	 2.2334714078809e-04
 1.0932742434492e-02	 2.4692706818285e-04	 1.9959236292427e-05	 2.2228352105103e-04
 1.1309733552923e-02	 2.4581869206991e-04	 1.9964932698165e-05	 2.2116944853234e-04
 1.1686724671354e-02	 2.4466200711134e-04	 1.9970327781463e-05	 2.2000736849048e-04
 1.2063715789785e-02	 2.4345965899608e-04	 1.9975435882438e-05	 2.1879991227425e-04
 1.2440706908216e-02	 2.4221447047760e-04	 1.9980272335042e-05	 2.1754988730316e-04
 1.2817698026646e-02	 2.4092943066789e-04	 1.9984853401648e-05	 2.1626026642685e-04
 1.3194689145077e-02	 2.3960768360944e-04	 1.9989196204002e-05	 2.1493417656604e-04
 1.3571680263508e-02	 2.3825251619425e-04	 1.9993318650820e-05	 2.1357488670404e-04
 1.3948671381939e-02	 2.3686734565269e-04	 1.9997239362386e-05	 2.1218579545090e-04
 1.4325662500369e-02	 2.3545570630673e-04	 2.0000977592457e-05	 2.1077041787487e-04
 1.4702653618800e-02	 2.3402123614050e-04	 2.0004553147846e-05	 2.0933237215326e-04
 1.5079644737231e-02	 2.3256766273973e-04	 2.0007986306034e-05	 2.0787536559430e-04
 1.5456635855662e-02	 2.3109878910724e-04	 2.0011297731178e-05	 2.0640318053666e-04
 1.5833626974093e-02	 2.2961847907221e-04	 2.0014508388890e-05	 2.0491965984393e-04
 1.6210618092523e-02	 2.2813064259495e-04	 2.0017639460161e-05	 2.0342869229539e-04
 1.6587609210954e-02	 2.2663922093553e-04	 2.0020712254819e-05	 2.0193419784131e-04
 1.6964600329385e-02	 2.2514817171285e-04	 2.0023748124893e-05	 2.0044011274856e-04
 1.7341591447816e-02	 2.2366145402888e-04	 2.0026768378274e-05	 1.9895037481121e-04
 1.7718582566246e-02	 2.2218301365581e-04	 2.0029794193038e-05	 1.9746890862338e-04
 1.8095573684677e-02	 2.2071676834394e-04	 2.0032846532820e-05	 1.9599961097172e-04
 1.8472564803108e-02	 2.1926659339728e-04	 2.0035946063586e-05	 1.9454633649429e-04
 1.8849555921539e-02	 2.1783630740779e-04	 2.0039113072181e-05	 1.9311288349622e-04
 1.9226547039970e-02	 2.1642965846279e-04	 2.0042367386986e-05	 1.9170298023641e-04
 1.9603538158400e-02	 2.1505031063344e-04	 2.0045728301024e-05	 1.9032027149302e-04
 1.9980529276831e-02	 2.1370183101118e-04	 2.0049214497842e-05	 1.8896830567394e-04
 2.0357520395262e-02	 2.1238767718422e-04	 2.0052843980469e-05	 1.8765052236436e-04
 2.0734511513693e-02	 2.1111118529191e-04	 2.0056634003749e-05	 1.8637024044876e-04
 2.1111502632123e-02	 2.0987555875910e-04	 2.0060601010315e-05	 1.8513064690939e-04
 2.1488493750554e-02	 2.0868385759536e-04	 2.0064760570459e-05	 1.8393478618550e-04
 2.1865484868985e-02	 2.0753898845871e-04	 2.0069127326148e-05	 1.8278555029316e-04
 2.2242475987416e-02	 2.0644369554017e-04	 2.0073714939370e-05	 1.8168566976140e-04
 2.2619467105847e-02	 2.0540055201764e-04	 2.0078536045027e-05	 1.8063770513321e-04
 2.2996458224277e-02	 2.0441195256891e-04	 2.0083602208539e-05	 1.7964403952098e-04
 2.3373449342708e-02	 2.0348010661073e-04	 2.0088923888291e-05	 1.7870687188304e-04
 2.3750440461139e-02	 2.0260703239477e-04	 2.0094510403065e-05	 1.7782821115231e-04
 2.4127431579570e-02	 2.0179455205535e-04	 2.0100369904537e-05	 1.7700987131142e-04
 2.4504422698000e-02	 2.0104428752074e-04	 2.0106509354931e-05	 1.7625346732641e-04
 2.4881413816431e-02	 2.0035765742182e-04	 2.0112934509858e-05	 1.7556041207256e-04
 2.5258404934862e-02	 1.9973587477430e-04	 2.0119649906392e-05	 1.7493191402851e-04
 2.5635396053293e-02	 1.9917994579255e-04	 2.0126658856355e-05	 1.7436897609679e-04
 2.6012387171723e-02	 1.9869066940644e-04	 2.0133963444814e-05	 1.7387239512223e-04
 2.6389378290154e-02	 1.9826863795637e-04	 2.0141564533731e-05	 1.7344276258324e-04
 2.6766369408585e-02	 1.9791423856019e-04	 2.0149461770694e-05	 1.7308046595010e-04
 2.7143360527016e-02	 1.9762765553685e-04	 2.0157653602648e-05	 1.7278569109480e-04
 2.7520351645447e-02	 1.9740887362315e-04	 2.0166137294510e-05	 1.7255842548924e-04
 2.7897342763877e-02	 1.9725768210712e-04	 2.0174908952524e-05	 1.7239846231520e-04
 2.8274333882308e-02	 1.9717367975268e-04	 2.0183963552219e-05	 1.7230540536106e-04
 2.8651325000739e-02	 1.9715628051444e-04	 2.0193294970782e-05	 1.7227867470426e-04
 2.9028316119170e-02	 1.9720472007329e-04	 2.0202896023662e-05	 1.7231751321023e-04
 2.9405307237600e-02	 1.9731806300026e-04	 2.0212758505202e-05	 1.7242099365566e-04
 2.9782298356031e-02	 1.9749521074520e-04	 2.0222873233056e-05	 1.7258802667275e-04
 3.0159289474462e-02	 1.9773491016249e-04	 2.0233230096180e-05	 1.7281736922692e-04
 3.0536280592893e-02	 1.9803576264656e-04	 2.0243818106120e-05	 1.7310763370104e-04
 3.0913271711324e-02	 1.9839623385743e-04	 2.0254625451350e-05	 1.7345729756668e-04
 3.1290262829754e-02	 1.9881466394385e-04	 2.0265639554376e-05	 1.7386471355008e-04
 3.1667253948185e-02	 1.9928927817052e-04	 2.0276847131324e-05	 1.7432812019980e-04
 3.2044245066616e-02	 1.9981819800094e-04	 2.0288234253729e-05	 1.7484565290782e-04
 3.2421236185047e-02	 2.0039945245387e-04	 2.0299786412208e-05	 1.7541535520227e-04
 3.2798227303477e-02	 2.0103098976506e-04	 2.0311488581734e-05	 1.7603519034393e-04
 3.3175218421908e-02	 2.0171068936662e-04	 2.0323325288194e-05	 1.7670305323902e-04
 3.3552209540339e-02	 2.0243637386538e-04	 2.0335280675924e-05	 1.7741678235006e-04
 3.3929200658770e-02	 2.0320582125293e-04	 2.0347338575906e-05	 1.7817417183763e-04
 3.4306191777201e-02	 2.0401677717086e-04	 2.0359482574336e-05	 1.7897298375713e-04
 3.4683182895631e-02	 2.0486696710756e-04	 2.0371696081236e-05	 1.7981096018693e-04
 3.5060174014062e-02	 2.0575410859235e-04	 2.0383962398822e-05	 1.8068583535413e-04
 3.5437165132493e-02	 2.0667592326612e-04	 2.0396264789330e-05	 1.8159534763740e-04
 3.5814156250924e-02	 2.0763014876623e-04	 2.0408586541997e-05	 1.8253725138484e-04
 3.6191147369354e-02	 2.0861455044159e-04	 2.0420911038938e-05	 1.8350932856326e-04
 3.6568138487785e-02	 2.0962693273665e-04	 2.0433221819621e-05	 1.8450940007764e-04
 3.6945129606216e-02	 2.1066515029274e-04	 2.0445502643697e-05	 1.8553533680965e-04
 3.7322120724647e-02	 2.1172711870886e-04	 2.0457737551921e-05	 1.8658507031755e-04
 3.7699111843078e-02	 2.1281082486360e-04	 2.0469910924933e-05	 1.8765660309927e-04
 3.8076102961508e-02	 2.1391433679169e-04	 2.0482007539673e-05	 1.8874801841262e-04
 3.8453094079939e-02	 2.1503581310922e-04	 2.0494012623212e-05	 1.8985748964662e-04
 3.8830085198370e-02	 2.1617351185804e-04	 2.0505911903822e-05	 1.9098328911482e-04
 3.9207076316801e-02	 2.1732579888903e-04	 2.0517691659085e-05	 1.9212379639055e-04
 3.9584067435231e-02	 2.1849115555362e-04	 2.0529338760898e-05	 1.9327750595333e-04
 3.9961058553662e-02	 2.1966818588830e-04	 2.0540840717215e-05	 1.9444303433169e-04
 4.0338049672093e-02	 2.2085562312265e-04	 2.0552185710412e-05	 1.9561912657284e-04
 4.0715040790524e-02	 2.2205233553573e-04	 2.0563362632157e-05	 1.9680466206418e-04
 4.1092031908954e-02	 2.2325733162806e-04	 2.0574361114702e-05	 1.9799865967396e-04
 4.1469023027385e-02	 2.2446976474757e-04	 2.0585171558520e-05	 1.9920028234965e-04
 4.1846014145816e-02	 2.2568893682614e-04	 2.0595785156241e-05	 2.0040884083050e-04
 4.2223005264247e-02	 2.2691430157200e-04	 2.0606193912844e-05	 2.0162379681976e-04
 4.2599996382678e-02	 2.2814546698499e-04	 2.0616390662102e-05	 2.0284476548349e-04
 4.2976987501108e-02	 2.2938219707040e-04	 2.0626369079266e-05	 2.0407151715174e-04
 4.3353978619539e-02	 2.3062441297518e-04	 2.0636123690025e-05	 2.0530397844576e-04
 4.3730969737970e-02	 2.3187219336476e-04	 2.0645649875765e-05	 2.0654223264960e-04
 4.4107960856401e-02	 2.3312577424549e-04	 2.0654943875187e-05	 2.0778651953091e-04
 4.4484951974831e-02	 2.3438554805608e-04	 2.0664002782360e-05	 2.0903723443433e-04
 4.4861943093262e-02	 2.3565206210821e-04	 2.0672824541282e-05	 2.1029492672753e-04
 4.5238934211693e-02	 2.3692601652828e-04	 2.0681407937060e-05	 2.1156029775182e-04
 4.5615925330124e-02	 2.3820826149182e-04	 2.0689752583812e-05	 2.1283419806861e-04
 4.5992916448555e-02	 2.3949979397768e-04	 2.0697858909434e-05	 2.1411762422885e-04
 4.6369907566985e-02	 2.4080175395138e-04	 2.0705728137350e-05	 2.1541171497463e-04
 4.6746898685416e-02	 2.4211542006034e-04	 2.0713362265418e-05	 2.1671774695553e-04
 4.7123889803847e-02	 2.4344220485289e-04	 2.0720764042123e-05	 2.1803712997137e-04
 4.7500880922278e-02	 2.4478364954120e-04	 2.0727936940263e-05	 2.1937140176154e-04
 4.7877872040708e-02	 2.4614141840273e-04	 2.0734885128261e-05	 2.2072222243508e-04
 4.8254863159139e-02	 2.4751729277033e-04	 2.0741613439332e-05	 2.2209136849161e-04
 4.8631854277570e-02	 2.4891316471349e-04	 2.0748127338651e-05	 2.2348072653544e-04
 4.9008845396001e-02	 2.5033103041802e-04	 2.0754432888755e-05	 2.2489228668987e-04
 4.9385836514432e-02	 2.5177298331669e-04	 2.0760536713343e-05	 2.2632813576395e-04
 4.9762827632862e-02	 2.5324120700558e-04	 2.0766445959699e-05	 2.2779045020649e-04
 5.0139818751293e-02	 2.5473796799955e-04	 2.0772168259927e-05	 2.2928148890022e-04
 5.0516809869724e-02	 2.5626560827228e-04	 2.0777711691202e-05	 2.3080358574168e-04
 5.0893800988155e-02	 2.5782653781371e-04	 2.0783084735245e-05	 2.3235914223907e-04
 5.1270792106585e-02	 2.5942322706348e-04	 2.0788296237207e-05	 2.3395061998688e-04
 5.1647783225016e-02	 2.6105819927340e-04	 2.0793355364181e-05	 2.3558053306982e-04
 5.2024774343447e-02	 2.6273402301773e-04	 2.0798271563518e-05	 2.3725144061482e-04
 5.2401765461878e-02	 2.6445330458178e-04	 2.0803054521147e-05	 2.3896593922124e-04
 5.2778756580309e-02	 2.6621868059416e-04	 2.0807714120078e-05	 2.4072665563468e-04
 5.3155747698739e-02	 2.6803281068726e-04	 2.0812260399274e-05	 2.4253623944859e-04
 5.3532738817170e-02	 2.6989837029629e-04	 2.0816703513060e-05	 2.4439735594384e-04
 5.3909729935601e-02	 2.7181804372436e-04	 2.0821053691237e-05	 2.4631267919373e-04
 5.4286721054032e-02	 2.7379451728420e-04	 2.0825321200053e-05	 2.4828488524475e-04
 5.4663712172462e-02	 2.7583047283933e-04	 2.0829516304190e-05	 2.5031664569575e-04
 5.5040703290893e-02	 2.7792858140593e-04	 2.0833649229901e-05	 2.5241062133663e-04
 5.5417694409324e-02	 2.8009149725370e-04	 2.0837730129424e-05	 2.5456945628488e-04
 5.5794685527755e-02	 2.8232185215809e-04	 2.0841769046807e-05	 2.5679577227189e-04
 5.6171676646185e-02	 2.8462224996569e-04	 2.0845775885241e-05	 2.5909216324105e-04
 5.6548667764616e-02	 2.8699526162622e-04	 2.0849760376008e-05	 2.6146119041082e-04
 5.6925658883047e-02	 2.8944342048555e-04	 2.0853732049140e-05	 2.6390537759702e-04
 5.7302650001478e-02	 2.9196921788703e-04	 2.0857700205851e-05	 2.6642720684178e-04
 5.7679641119909e-02	 2.9457509932748e-04	 2.0861673892834e-05	 2.6902911459525e-04
 5.8056632238339e-02	 2.9726346078927e-04	 2.0865661878453e-05	 2.7171348807142e-04
 5.8433623356770e-02	 3.0003664557780e-04	 2.0869672630904e-05	 2.7448266210750e-04
 5.8810614475201e-02	 3.0289694155521e-04	 2.0873714298354e-05	 2.7733891641746e-04
 5.9187605593632e-02	 3.0584657866972e-04	 2.0877794691110e-05	 2.8028447313921e-04
 5.9564596712062e-02	 3.0888772699228e-04	 2.0881921265804e-05	 2.8332149488708e-04
 5.9941587830493e-02	 3.1202249502489e-04	 2.0886101111621e-05	 2.8645208307387e-04
 6.0318578948924e-02	 3.1525292850693e-04	 2.0890340938545e-05	 2.8967827672899e-04
 6.0695570067355e-02	 3.1858100945917e-04	 2.0894647067631e-05	 2.9300205155214e-04
 6.1072561185786e-02	 3.2200865571848e-04	 2.0899025423245e-05	 2.9642531945584e-04
 6.1449552304216e-02	 3.2553772075322e-04	 2.0903481527266e-05	 2.9994992838656e-04
 6.1826543422647e-02	 3.2916999383182e-04	 2.0908020495196e-05	 3.0357766249722e-04
 6.2203534541078e-02	 3.3290720057344e-04	 2.0912647034121e-05	 3.0731024269992e-04
 6.2580525659509e-02	 3.3675100367406e-04	 2.0917365442480e-05	 3.1114932739218e-04
 6.2957516777939e-02	 3.4070300413751e-04	 2.0922179611561e-05	 3.1509651368655e-04
 6.3334507896370e-02	 3.4476474258729e-04	 2.0927093028658e-05	 3.1915333871924e-04
 6.3711499014801e-02	 3.4893770095838e-04	 2.0932108781821e-05	 3.2332128133716e-04
 6.4088490133232e-02	 3.5322330440520e-04	 2.0937229566097e-05	 3.2760176399971e-04
 6.4465481251663e-02	 3.5762292343856e-04	 2.0942457691190e-05	 3.3199615490798e-04
 6.4842472370093e-02	 3.6213787623216e-04	 2.0947795090450e-05	 3.3650577030231e-04
 6.5219463488524e-02	 3.6676943117549e-04	 2.0953243331075e-05	 3.4113187700502e-04
 6.5596454606955e-02	 3.7151880954268e-04	 2.0958803625462e-05	 3.4587569507782e-04
 6.5973445725386e-02	 3.7638718831579e-04	 2.0964476843574e-05	 3.5073840063282e-04
 6.6350436843816e-02	 3.8137570314189e-04	 2.0970263526246e-05	 3.5572112877624e-04
 6.6727427962247e-02	 3.8648545140916e-04	 2.0976163899319e-05	 3.6082497667045e-04
 6.7104419080678e-02	 3.9171749530228e-04	 2.0982177888498e-05	 3.6605100657439e-04
 6.7481410199109e-02	 3.9707286509520e-04	 2.0988305134836e-05	 3.7140024912097e-04
 6.7858401317540e-02	 4.0255256231635e-04	 2.0994545010737e-05	 3.7687370646622e-04
 6.8235392435970e-02	 4.0815756306398e-04	 2.1000896636393e-05	 3.8247235558819e-04
 6.8612383554401e-02	 4.1388882120225e-04	 2.1007358896535e-05	 3.8819715146632e-04
 6.8989374672832e-02	 4.1974727167713e-04	 2.1013930457420e-05	 3.9404903038032e-04
 6.9366365791263e-02	 4.2573383367737e-04	 2.1020609783955e-05	 4.0002891305402e-04
 6.9743356909693e-02	 4.3184941383996e-04	 2.1027395156864e-05	 4.0613770784370e-04
 7.0120348028124e-02	 4.3809490935540e-04	 2.1034284689821e-05	 4.1237631382618e-04
 7.0497339146555e-02	 4.4447121098281e-04	 2.1041276346453e-05	 4.1874562379696e-04
 7.0874330264986e-02	 4.5097920599310e-04	 2.1048367957153e-05	 4.2524652719655e-04
 7.1251321383416e-02	 4.5761978103179e-04	 2.1055557235606e-05	 4.3187991295679e-04
 7.1628312501847e-02	 4.6439382482334e-04	 2.1062841794982e-05	 4.3864667218896e-04
 7.2005303620278e-02	 4.7130223076444e-04	 2.1070219163710e-05	 4.4554770076133e-04
 7.2382294738709e-02	 4.7834589940880e-04	 2.1077686800791e-05	 4.5258390176861e-04
 7.2759285857140e-02	 4.8552574080841e-04	 2.1085242110583e-05	 4.5975618785843e-04
 7.3136276975570e-02	 4.9284267669067e-04	 2.1092882457013e-05	 4.6706548339426e-04
 7.3513268094001e-02	 5.0029764246596e-04	 2.1100605177176e-05	 4.7451272644938e-04
 7.3890259212432e-02	 5.0789158915437e-04	 2.1108407594271e-05	 4.8209887072070e-04
 7.4267250330863e-02	 5.1562548507842e-04	 2.1116287029854e-05	 4.8982488720917e-04
 7.4644241449293e-02	 5.2350031740186e-04	 2.1124240815369e-05	 4.9769176574710e-04
 7.5021232567724e-02	 5.3151709356974e-04	 2.1132266302940e-05	 5.0570051642740e-04
 7.5398223686155e-02	 5.3967684253313e-04	 2.1140360875398e-05	 5.1385217081834e-04
 7.5775214804586e-02	 5.4798061581822e-04	 2.1148521955542e-05	 5.2214778302329e-04
 7.6152205923017e-02	 5.5642948842654e-04	 2.1156747014618e-05	 5.3058843057252e-04
 7.6529197041447e-02	 5.6502455966434e-04	 2.1165033580008e-05	 5.3917521524494e-04
 7.6906188159878e-02	 5.7376695367958e-04	 2.1173379242141e-05	 5.4790926359805e-04
 7.7283179278309e-02	 5.8265781998659e-04	 2.1181781660621e-05	 5.5679172748657e-04
 7.7660170396740e-02	 5.9169833376520e-04	 2.1190238569594e-05	 5.6582378435621e-04
 7.8037161515170e-02	 6.0088969605989e-04	 2.1198747782346e-05	 5.7500663743815e-04
 7.8414152633601e-02	 6.1023313386177e-04	 2.1207307195173e-05	 5.8434151582720e-04
 7.8791143752032e-02	 6.1972989998477e-04	 2.1215914790529e-05	 5.9382967435484e-04
 7.9168134870463e-02	 6.2938127298653e-04	 2.1224568639474e-05	 6.0347239350766e-04
 7.9545125988894e-02	 6.3918855681290e-04	 2.1233266903458e-05	 6.1327097907005e-04
 7.9922117107324e-02	 6.4915308045414e-04	 2.1242007835462e-05	 6.2322676177928e-04
 8.0299108225755e-02	 6.5927619749477e-04	 2.1250789780525e-05	 6.3334109687485e-04
 8.0676099344186e-02	 6.6955928551620e-04	 2.1259611175704e-05	 6.4361536350110e-04
 8.1053090462617e-02	 6.8000374553482e-04	 2.1268470549479e-05	 6.5405096414595e-04
 8.1430081581047e-02	 6.9061100126037e-04	 2.1277366520663e-05	 6.6464932390031e-04
 8.1807072699478e-02	 7.0138249840539e-04	 2.1286297796834e-05	 6.7541188976916e-04
 8.2184063817909e-02	 7.1231970388108e-04	 2.1295263172343e-05	 6.8634012986935e-04
 8.2561054936340e-02	 7.2342410497458e-04	 2.1304261525924e-05	 6.9743553260926e-04
 8.2938046054771e-02	 7.3469720847923e-04	 2.1313291817959e-05	 7.0869960582187e-04
 8.3315037173201e-02	 7.4614053989240e-04	 2.1322353087418e-05	 7.2013387596559e-04
 8.3692028291632e-02	 7.5775564242219e-04	 2.1331444448531e-05	 7.3173988713426e-04
 8.4069019410063e-02	 7.6954407619911e-04	 2.1340565087225e-05	 7.4351920027249e-04
 8.4446010528494e-02	 7.8150741730581e-04	 2.1349714257359e-05	 7.5547339220905e-04
 8.4823001646924e-02	 7.9364725696086e-04	 2.1358891276798e-05	 7.6760405484466e-04
 8.5199992765355e-02	 8.0596520059771e-04	 2.1368095523363e-05	 7.7991279423495e-04
 8.5576983883786e-02	 8.1846286706760e-04	 2.1377326430692e-05	 7.9240122979751e-04
 8.5953975002217e-02	 8.3114188777595e-04	 2.1386583484043e-05	 8.0507099345251e-04
 8.6330966120648e-02	 8.4400390591339e-04	 2.1395866216078e-05	 8.1792372885792e-04
 8.6707957239078e-02	 8.5705057571764e-04	 2.1405174202643e-05	 8.3096109067560e-04
 8.7084948357509e-02	 8.7028356172518e-04	 2.1414507058595e-05	 8.4418474382719e-04
 8.7461939475940e-02	 8.8370453813562e-04	 2.1423864433685e-05	 8.5759636286253e-04
 8.7838930594371e-02	 8.9731518816908e-04	 2.1433246008534e-05	 8.7119763132115e-04
 8.8215921712801e-02	 9.1111720348873e-04	 2.1442651490710e-05	 8.8499024115862e-04
 8.8592912831232e-02	 9.2511228369942e-04	 2.1452080610950e-05	 8.9897589224908e-04
 8.8969903949663e-02	 9.3930213583508e-04	 2.1461533119522e-05	 9.1315629187616e-04
 8.9346895068094e-02	 9.5368847396229e-04	 2.1471008782762e-05	 9.2753315434013e-04
 8.9723886186524e-02	 9.6827301884465e-04	 2.1480507379793e-05	 9.4210820062546e-04
 9.0100877304955e-02	 9.8305749755639e-04	 2.1490028699435e-05	 9.5688315801756e-04
 9.0477868423386e-02	 9.9804364328149e-04	 2.1499572537327e-05	 9.7185975990477e-04
 9.0854859541817e-02	 1.0132331951043e-03	 2.1509138693265e-05	 9.8703974557168e-04
 9.1231850660248e-02	 1.0286278978005e-03	 2.1518726968756e-05	 1.0024248599924e-03
 9.1608841778678e-02	 1.0442295018084e-03	 2.1528337164803e-05	 1.0180168538042e-03
 9.1985832897109e-02	 1.0600397631104e-03	 2.1537969079924e-05	 1.0338174831911e-03
 9.2362824015540e-02	 1.0760604432429e-03	 2.1547622508393e-05	 1.0498285098951e-03
 9.2739815133971e-02	 1.0922933093253e-03	 2.1557297238716e-05	 1.0660517012472e-03
 9.3116806252401e-02	 1.1087401341194e-03	 2.1566993052340e-05	 1.0824888302277e-03
 9.3493797370832e-02	 1.1254026961752e-03	 2.1576709722577e-05	 1.0991416756132e-03
 9.3870788489263e-02	 1.1422827798950e-03	 2.1586447013756e-05	 1.1160120220418e-03
 9.4247779607694e-02	 1.1593821758290e-03	 2.1596204680581e-05	 1.1331016603090e-03
 9.4624770726125e-02	 1.1767026807597e-03	 2.1605982467702e-05	 1.1504123874526e-03
 9.5001761844555e-02	 1.1942460979784e-03	 2.1615780109474e-05	 1.1679460070295e-03
 9.5378752962986e-02	 1.2120142375570e-03	 2.1625597329910e-05	 1.1857043293877e-03
 9.5755744081417e-02	 1.2300089165987e-03	 2.1635433842802e-05	 1.2036891719165e-03
 9.6132735199848e-02	 1.2482319594651e-03	 2.1645289352017e-05	 1.2219023592737e-03
 9.6509726318278e-02	 1.2666851981809e-03	 2.1655163551934e-05	 1.2403457237896e-03
 9.6886717436709e-02	 1.2853704726156e-03	 2.1665056128026e-05	 1.2590211056481e-03
 9.7263708555140e-02	 1.3042896308668e-03	 2.1674966757572e-05	 1.2779303532698e-03
 9.7640699673571e-02	 1.3234445295278e-03	 2.1684895110475e-05	 1.2970753235779e-03
 9.8017690792002e-02	 1.3428370339992e-03	 2.1694840850181e-05	 1.3164578823096e-03
 9.8394681910432e-02	 1.3624690187951e-03	 2.1704803634687e-05	 1.3360799043211e-03
 9.8771673028863e-02	 1.3823423678291e-03	 2.1714783117619e-05	 1.3559432738721e-03
 9.9148664147294e-02	 1.4024589746824e-03	 2.1724778949365e-05	 1.3760498848936e-03
 9.9525655265725e-02	 1.4228207428772e-03	 2.1734790778260e-05	 1.3964016412595e-03
 9.9902646384155e-02	 1.4434295861477e-03	 2.1744818251790e-05	 1.4170004570565e-03
 1.0027963750259e-01	 1.4642874286668e-03	 2.1754861017828e-05	 1.4378482568096e-03
 1.0065662862102e-01	 1.4853962052291e-03	 2.1764918725869e-05	 1.4589469756638e-03
 1.0103361973945e-01	 1.5067578615043e-03	 2.1774991028257e-05	 1.4802985596366e-03
 1.0141061085788e-01	 1.5283743541674e-03	 2.1785077581400e-05	 1.5019049657466e-03
 1.0178760197631e-01	 1.5502476510922e-03	 2.1795178046952e-05	 1.5237681622059e-03
 1.0216459309474e-01	 1.5723797314336e-03	 2.1805292092962e-05	 1.5458901285013e-03
 1.0254158421317e-01	 1.5947725857956e-03	 2.1815419394970e-05	 1.5682728555613e-03
 1.0291857533160e-01	 1.6174282162252e-03	 2.1825559637047e-05	 1.5909183457488e-03
 1.0329556645003e-01	 1.6403486363843e-03	 2.1835712512778e-05	 1.6138286130322e-03
 1.0367255756846e-01	 1.6635358714932e-03	 2.1845877726165e-05	 1.6370056829277e-03
 1.0404954868689e-01	 1.6869919583623e-03	 2.1856054992455e-05	 1.6604515925305e-03
 1.0442653980532e-01	 1.7107189453944e-03	 2.1866244038892e-05	 1.6841683905161e-03
 1.0480353092376e-01	 1.7347188925474e-03	 2.1876444605370e-05	 1.7081581371027e-03
 1.0518052204219e-01	 1.7589938712414e-03	 2.1886656445009e-05	 1.7324229039570e-03
 1.0555751316062e-01	 1.7835459643349e-03	 2.1896879324623e-05	 1.7569647741709e-03
 1.0593450427905e-01	 1.8083772659573e-03	 2.1907113025107e-05	 1.7817858420928e-03
 1.0631149539748e-01	 1.8334898814474e-03	 2.1917357341717e-05	 1.8068882132662e-03
 1.0668848651591e-01	 1.8588859271728e-03	 2.1927612084256e-05	 1.8322740042491e-03
 1.0706547763434e-01	 1.8845675304085e-03	 2.1937877077168e-05	 1.8579453424920e-03
 1.0744246875277e-01	 1.9105368291731e-03	 2.1948152159533e-05	 1.8839043661741e-03
 1.0781945987120e-01	 1.9367959720017e-03	 2.1958437184969e-05	 1.9101532239774e-03
 1.0819645098963e-01	 1.9633471177899e-03	 2.1968732021445e-05	 1.9366940749290e-03
 1.0857344210806e-01	 1.9901924356165e-03	 2.1979036551007e-05	 1.9635290882261e-03
 1.0895043322649e-01	 2.0173341044701e-03	 2.1989350669422e-05	 1.9906604429613e-03
 1.0932742434492e-01	 2.0447743131258e-03	 2.1999674285738e-05	 2.0180903280007e-03
 1.0970441546336e-01	 2.0725152598196e-03	 2.2010007321782e-05	 2.0458209416584e-03
 1.1008140658179e-01	 2.1005591521172e-03	 2.2020349711572e-05	 2.0738544915663e-03
 1.1045839770022e-01	 2.1289082066809e-03	 2.2030701400685e-05	 2.1021931944408e-03
 1.1083538881865e-01	 2.1575646489847e-03	 2.2041062345558e-05	 2.1308392757997e-03
 1.1121237993708e-01	 2.1865307131882e-03	 2.2051432512737e-05	 2.1597949698361e-03
 1.1158937105551e-01	 2.2158086419082e-03	 2.2061811878092e-05	 2.1890625191907e-03
 1.1196636217394e-01	 2.2454006859495e-03	 2.2072200425990e-05	 2.2186441746841e-03
 1.1234335329237e-01	 2.2753091041673e-03	 2.2082598148437e-05	 2.2485421951794e-03
 1.1272034441080e-01	 2.3055361632974e-03	 2.2093005044200e-05	 2.2787588474138e-03
 1.1309733552923e-01	 2.3360841377392e-03	 2.2103421117917e-05	 2.3092964057819e-03
 1.1347432664766e-01	 2.3669553094092e-03	 2.2113846379189e-05	 2.3401571521906e-03
 1.1385131776609e-01	 2.3981519675919e-03	 2.2124280841683e-05	 2.3713433759108e-03
 1.1422830888452e-01	 2.4296764087885e-03	 2.2134724522230e-05	 2.4028573734268e-03
 1.1460530000296e-01	 2.4615309366372e-03	 2.2145177439944e-05	 2.4347014483579e-03
 1.1498229112139e-01	 2.4937178617538e-03	 2.2155639615350e-05	 2.4668779112991e-03
 1.1535928223982e-01	 2.5262395016951e-03	 2.2166111069550e-05	 2.4993890797862e-03
 1.1573627335825e-01	 2.5590981808059e-03	 2.2176591823405e-05	 2.5322372781431e-03
 1.1611326447668e-01	 2.5922962302600e-03	 2.2187081896765e-05	 2.5654248375239e-03
 1.1649025559511e-01	 2.6258359879589e-03	 2.2197581307737e-05	 2.5989540958118e-03
 1.1686724671354e-01	 2.6597197985359e-03	 2.2208090071997e-05	 2.6328273976245e-03
 1.1724423783197e-01	 2.6939500133122e-03	 2.2218608202159e-05	 2.6670470942707e-03
 1.1762122895040e-01	 2.7285289903531e-03	 2.2229135707188e-05	 2.7016155438065e-03
 1.1799822006883e-01	 2.7634590944738e-03	 2.2239672591889e-05	 2.7365351110425e-03
 1.1837521118726e-01	 2.7987426972985e-03	 2.2250218856438e-05	 2.7718081676027e-03
 1.1875220230569e-01	 2.8343821773101e-03	 2.2260774495991e-05	 2.8074370919747e-03
 1.1912919342412e-01	 2.8703799198963e-03	 2.2271339500353e-05	 2.8434242695565e-03
 1.1950618454256e-01	 2.9067383175135e-03	 2.2281913853714e-05	 2.8797720928204e-03
 1.1988317566099e-01	 2.9434597697104e-03	 2.2292497534457e-05	 2.9164829613365e-03
 1.2026016677942e-01	 2.9805466832881e-03	 2.2303090515035e-05	 2.9535592819336e-03
 1.2063715789785e-01	 3.0180014724246e-03	 2.2313692761908e-05	 2.9910034688233e-03
 1.2101414901628e-01	 3.0558265587964e-03	 2.2324304235560e-05	 3.0288179437215e-03
 1.2139114013471e-01	 3.0940243717289e-03	 2.2334924890579e-05	 3.0670051359989e-03
 1.2176813125314e-01	 3.1325973483898e-03	 2.2345554675795e-05	 3.1055674828746e-03
 1.2214512237157e-01	 3.1715479338742e-03	 2.2356193534497e-05	 3.1445074295003e-03
 1.2252211349000e-01	 3.2108785814425e-03	 2.2366841404693e-05	 3.1838274291984e-03
 1.2289910460843e-01	 3.2505917526933e-03	 2.2377498219442e-05	 3.2235299436345e-03
 1.2327609572686e-01	 3.2906899176800e-03	 2.2388163907235e-05	 3.2636174429334e-03
 1.2365308684529e-01	 3.3311755551367e-03	 2.2398838392427e-05	 3.3040924059049e-03
 1.2403007796373e-01	 3.3720511526513e-03	 2.2409521595714e-05	 3.3449573202162e-03
 1.2440706908216e-01	 3.4133192068428e-03	 2.2420213434660e-05	 3.3862146825687e-03
 1.2478406020059e-01	 3.4549822235278e-03	 2.2430913824250e-05	 3.4278669988641e-03
 1.2516105131902e-01	 3.4970427179127e-03	 2.2441622677488e-05	 3.4699167843958e-03
 1.2553804243745e-01	 3.5395032147299e-03	 2.2452339906014e-05	 3.5123665639845e-03
 1.2591503355588e-01	 3.5823662484418e-03	 2.2463065420748e-05	 3.5552188721817e-03
 1.2629202467431e-01	 3.6256343633592e-03	 2.2473799132549e-05	 3.5984762533873e-03
 1.2666901579274e-01	 3.6693101138265e-03	 2.2484540952884e-05	 3.6421412620342e-03
 1.2704600691117e-01	 3.7133960643266e-03	 2.2495290794511e-05	 3.6862164626927e-03
 1.2742299802960e-01	 3.7578947896349e-03	 2.2506048572146e-05	 3.7307044302234e-03
 1.2779998914803e-01	 3.8028088749318e-03	 2.2516814203147e-05	 3.7756077498893e-03
 1.2817698026646e-01	 3.8481409158907e-03	 2.2527587608164e-05	 3.8209290174431e-03
 1.2855397138489e-01	 3.8938935187969e-03	 2.2538368711789e-05	 3.8666708392457e-03
 1.2893096250333e-01	 3.9400693006227e-03	 2.2549157443182e-05	 3.9128358323401e-03
 1.2930795362176e-01	 3.9866708891033e-03	 2.2559953736659e-05	 3.9594266245272e-03
 1.2968494474019e-01	 4.0337009227390e-03	 2.2570757532266e-05	 4.0064458543674e-03
 1.3006193585862e-01	 4.0811620509050e-03	 2.2581568776304e-05	 4.0538961712893e-03
 1.3043892697705e-01	 4.1290569338419e-03	 2.2592387421815e-05	 4.1017802355807e-03
 1.3081591809548e-01	 4.1773882426362e-03	 2.2603213429033e-05	 4.1501007183677e-03
 1.3119290921391e-01	 4.2261586592740e-03	 2.2614046765774e-05	 4.1988603016688e-03
 1.3156990033234e-01	 4.2753708765562e-03	 2.2624887407784e-05	 4.2480616783090e-03
 1.3194689145077e-01	 4.3250275981002e-03	 2.2635735339027e-05	 4.2977075519218e-03
 1.3232388256920e-01	 4.3751315382649e-03	 2.2646590551920e-05	 4.3478006368736e-03
 1.3270087368763e-01	 4.4256854221189e-03	 2.2657453047504e-05	 4.3983436582320e-03
 1.3307786480606e-01	 4.4766919852826e-03	 2.2668322835563e-05	 4.4493393516076e-03
 1.3345485592449e-01	 4.5281539739141e-03	 2.2679199934667e-05	 4.5007904631400e-03
 1.3383184704293e-01	 4.5800741445392e-03	 2.2690084372169e-05	 4.5526997493276e-03
 1.3420883816136e-01	 4.6324552639757e-03	 2.2700976184125e-05	 4.6050699769522e-03
 1.3458582927979e-01	 4.6853001091537e-03	 2.2711875415158e-05	 4.6579039228991e-03
 1.3496282039822e-01	 4.7386114669816e-03	 2.2722782118257e-05	 4.7112043740239e-03
 1.3533981151665e-01	 4.7923921341942e-03	 2.2733696354518e-05	 4.7649741270003e-03
 1.3571680263508e-01	 4.8466449172005e-03	 2.2744618192821e-05	 4.8192159881683e-03
 1.3609379375351e-01	 4.9013726318696e-03	 2.2755547709451e-05	 4.8739327733207e-03
 1.3647078487194e-01	 4.9565781033518e-03	 2.2766484987668e-05	 4.9291273075247e-03
 1.3684777599037e-01	 5.0122641659373e-03	 2.2777430117213e-05	 4.9848024249807e-03
 1.3722476710880e-01	 5.0684336627950e-03	 2.2788383193777e-05	 5.0409609687618e-03
 1.3760175822723e-01	 5.1250894457973e-03	 2.2799344318417e-05	 5.0976057906394e-03
 1.3797874934566e-01	 5.1822343753199e-03	 2.2810313596933e-05	 5.1547397508835e-03
 1.3835574046409e-01	 5.2398713200255e-03	 2.2821291139202e-05	 5.2123657180470e-03
 1.3873273158253e-01	 5.2980031566876e-03	 2.2832277058487e-05	 5.2704865687897e-03
 1.3910972270096e-01	 5.3566327699057e-03	 2.2843271470711e-05	 5.3291051875956e-03
 1.3948671381939e-01	 5.4157630519753e-03	 2.2854274493708e-05	 5.3882244666422e-03
 1.3986370493782e-01	 5.4753969026755e-03	 2.2865286246458e-05	 5.4478473055897e-03
 1.4024069605625e-01	 5.5355372290077e-03	 2.2876306848306e-05	 5.5079766113200e-03
 1.4061768717468e-01	 5.5961869450816e-03	 2.2887336418177e-05	 5.5686152978240e-03
 1.4099467829311e-01	 5.6573489718924e-03	 2.2898375073781e-05	 5.6297662859792e-03
 1.4137166941154e-01	 5.7190262371117e-03	 2.2909422930834e-05	 5.6914325033415e-03
 1.4174866052997e-01	 5.7812216749749e-03	 2.2920480102271e-05	 5.7536168840332e-03
 1.4212565164840e-01	 5.8439382260384e-03	 2.2931546697490e-05	 5.8163223685015e-03
 1.4250264276683e-01	 5.9071788371382e-03	 2.2942622821599e-05	 5.8795519034772e-03
 1.4287963388526e-01	 5.9709464611199e-03	 2.2953708574707e-05	 5.9433084417058e-03
 1.4325662500369e-01	 6.0352440568303e-03	 2.2964804051221e-05	 6.0075949419397e-03
 1.4363361612213e-01	 6.1000745888966e-03	 2.2975909339204e-05	 6.0724143687180e-03
 1.4401060724056e-01	 6.1654410277166e-03	 2.2987024519749e-05	 6.1377696923575e-03
 1.4438759835899e-01	 6.2313463493008e-03	 2.2998149666410e-05	 6.2036638887950e-03
 1.4476458947742e-01	 6.2977935352315e-03	 2.3009284844683e-05	 6.2700999395474e-03
 1.4514158059585e-01	 6.3647855725649e-03	 2.3020430111527e-05	 6.3370808316140e-03
 1.4551857171428e-01	 6.4323254538687e-03	 2.3031585514953e-05	 6.4046095575143e-03
 1.4589556283271e-01	 6.5004161771147e-03	 2.3042751093661e-05	 6.4726891151816e-03
 1.4627255395114e-01	 6.5690607456826e-03	 2.3053926876748e-05	 6.5413225079665e-03
 1.4664954506957e-01	 6.6382621684031e-03	 2.3065112883466e-05	 6.6105127446803e-03
 1.4702653618800e-01	 6.7080234595286e-03	 2.3076309123065e-05	 6.6802628395661e-03
 1.4740352730643e-01	 6.7783476387918e-03	 2.3087515594681e-05	 6.7505758123577e-03
 1.4778051842486e-01	 6.8492377314482e-03	 2.3098732287306e-05	 6.8214546883215e-03
 1.4815750954329e-01	 6.9206967683451e-03	 2.3109959179820e-05	 6.8929024983259e-03
 1.4853450066173e-01	 6.9927277860040e-03	 2.3121196241095e-05	 6.9649222789235e-03
 1.4891149178016e-01	 7.0653338267062e-03	 2.3132443430161e-05	 7.0375170724366e-03
 1.4928848289859e-01	 7.1385179385796e-03	 2.3143700696445e-05	 7.1106899270438e-03
 1.4966547401702e-01	 7.2122831757488e-03	 2.3154967980067e-05	 7.1844438969293e-03
 1.5004246513545e-01	 7.2866325984658e-03	 2.3166245212212e-05	 7.2587820424141e-03
 1.5041945625388e-01	 7.3615692732486e-03	 2.3177532315547e-05	 7.3337074300937e-03
 1.5079644737231e-01	 7.4370962729678e-03	 2.3188829204711e-05	 7.4092231329237e-03
 1.5117343849074e-01	 7.5132166771204e-03	 2.3200135786853e-05	 7.4853322304942e-03
 1.5155042960917e-01	 7.5899335719196e-03	 2.3211451962220e-05	 7.5620378091180e-03
 1.5192742072760e-01	 7.6672500504787e-03	 2.3222777624799e-05	 7.6393429620145e-03
 1.5230441184603e-01	 7.7451692130133e-03	 2.3234112662999e-05	 7.7172507895109e-03
 1.5268140296446e-01	 7.8236941670265e-03	 2.3245456960373e-05	 7.7957643992267e-03
 1.5305839408289e-01	 7.9028280274546e-03	 2.3256810396372e-05	 7.8748869062188e-03
 1.5343538520133e-01	 7.9825739169216e-03	 2.3268172847136e-05	 7.9546214332351e-03
 1.5381237631976e-01	 8.0629349658851e-03	 2.3279544186299e-05	 8.0349711108594e-03
 1.5418936743819e-01	 8.1439143128364e-03	 2.3290924285821e-05	 8.1159390777111e-03
 1.5456635855662e-01	 8.2255151045068e-03	 2.3302313016832e-05	 8.1975284806506e-03
 1.5494334967505e-01	 8.3077404960180e-03	 2.3313710250481e-05	 8.2797424749281e-03
 1.5532034079348e-01	 8.3905936511161e-03	 2.3325115858785e-05	 8.3625842244179e-03
 1.5569733191191e-01	 8.4740777422924e-03	 2.3336529715488e-05	 8.4460569017375e-03
 1.5607432303034e-01	 8.5581959510037e-03	 2.3347951696892e-05	 8.5301636884674e-03
 1.5645131414877e-01	 8.6429514677845e-03	 2.3359381682689e-05	 8.6149077752624e-03
 1.5682830526720e-01	 8.7283474924446e-03	 2.3370819556764e-05	 8.7002923620484e-03
 1.5720529638563e-01	 8.8143872341960e-03	 2.3382265207977e-05	 8.7863206581487e-03
 1.5758228750406e-01	 8.9010739117737e-03	 2.3393718530912e-05	 8.8729958824034e-03
 1.5795927862249e-01	 8.9884107535951e-03	 2.3405179426592e-05	 8.9603212633291e-03
 1.5833626974093e-01	 9.0764009977940e-03	 2.3416647803157e-05	 9.0483000391515e-03
 1.5871326085936e-01	 9.1650478924154e-03	 2.3428123576491e-05	 9.1369354579995e-03
 1.5909025197779e-01	 9.2543546954154e-03	 2.3439606670804e-05	 9.2262307779052e-03
 1.5946724309622e-01	 9.3443246747818e-03	 2.3451097019163e-05	 9.3161892669232e-03
 1.5984423421465e-01	 9.4349611085386e-03	 2.3462594563968e-05	 9.4068142031353e-03
 1.6022122533308e-01	 9.5262672848432e-03	 2.3474099257364e-05	 9.4981088747464e-03
 1.6059821645151e-01	 9.6182465019402e-03	 2.3485611061601e-05	 9.5900765800392e-03
 1.6097520756994e-01	 9.7109020682213e-03	 2.3497129949318e-05	 9.6827206274326e-03
 1.6135219868837e-01	 9.8042373021927e-03	 2.3508655903775e-05	 9.7760443354495e-03
 1.6172918980680e-01	 9.8982555324492e-03	 2.3520188919012e-05	 9.8700510326908e-03
 1.6210618092523e-01	 9.9929600976306e-03	 2.3531728999940e-05	 9.9647440577912e-03
 1.6248317204366e-01	 1.0088354346378e-02	 2.3543276162368e-05	 1.0060126759376e-02
 1.6286016316209e-01	 1.0184441637241e-02	 2.3554830432957e-05	 1.0156202495969e-02
 1.6323715428053e-01	 1.0281225338595e-02	 2.3566391849117e-05	 1.0252974635907e-02
 1.6361414539896e-01	 1.0378708828557e-02	 2.3577960458826e-05	 1.0350446557259e-02
 1.6399113651739e-01	 1.0476895494864e-02	 2.3589536320391e-05	 1.0448621647704e-02
 1.6436812763582e-01	 1.0575788734707e-02	 2.3601119502148e-05	 1.0547503304365e-02
 1.6474511875425e-01	 1.0675391954628e-02	 2.3612710082097e-05	 1.0647094933707e-02
 1.6512210987268e-01	 1.0775708570387e-02	 2.3624308147479e-05	 1.0747399951400e-02
 1.6549910099111e-01	 1.0876742006722e-02	 2.3635913794301e-05	 1.0848421782089e-02
 1.6587609210954e-01	 1.0978495697266e-02	 2.3647527126811e-05	 1.0950163859300e-02
 1.6625308322797e-01	 1.1080973084266e-02	 2.3659148256919e-05	 1.1052629625170e-02
 1.6663007434640e-01	 1.1184177618485e-02	 2.3670777303579e-05	 1.1155822530342e-02
 1.6700706546483e-01	 1.1288112758955e-02	 2.3682414392129e-05	 1.1259746033724e-02
 1.6738405658326e-01	 1.1392781972782e-02	 2.3694059653599e-05	 1.1364403602289e-02
 1.6776104770169e-01	 1.1498188734941e-02	 2.3705713223986e-05	 1.1469798710878e-02
 1.6813803882013e-01	 1.1604336528050e-02	 2.3717375243503e-05	 1.1575934841968e-02
 1.6851502993856e-01	 1.1711228842185e-02	 2.3729045855810e-05	 1.1682815485490e-02
 1.6889202105699e-01	 1.1818869174657e-02	 2.3740725207228e-05	 1.1790444138610e-02
 1.6926901217542e-01	 1.1927261029775e-02	 2.3752413445942e-05	 1.1898824305489e-02
 1.6964600329385e-01	 1.2036407918659e-02	 2.3764110721205e-05	 1.2007959497099e-02
 1.7002299441228e-01	 1.2146313359027e-02	 2.3775817182530e-05	 1.2117853231005e-02
 1.7039998553071e-01	 1.2256980874987e-02	 2.3787532978903e-05	 1.2228509031168e-02
 1.7077697664914e-01	 1.2368413996821e-02	 2.3799258257994e-05	 1.2339930427723e-02
 1.7115396776757e-01	 1.2480616260829e-02	 2.3810993165390e-05	 1.2452120956824e-02
 1.7153095888600e-01	 1.2593591209081e-02	 2.3822737843848e-05	 1.2565084160398e-02
 1.7190795000443e-01	 1.2707342389292e-02	 2.3834492432568e-05	 1.2678823586020e-02
 1.7228494112286e-01	 1.2821873354610e-02	 2.3846257066503e-05	 1.2793342786704e-02
 1.7266193224130e-01	 1.2937187663481e-02	 2.3858031875699e-05	 1.2908645320766e-02
 1.7303892335973e-01	 1.3053288879468e-02	 2.3869816984672e-05	 1.3024734751644e-02
 1.7341591447816e-01	 1.3170180571137e-02	 2.3881612511825e-05	 1.3141614647786e-02
 1.7379290559659e-01	 1.3287866311928e-02	 2.3893418568915e-05	 1.3259288582519e-02
 1.7416989671502e-01	 1.3406349679986e-02	 2.3905235260565e-05	 1.3377760133886e-02
 1.7454688783345e-01	 1.3525634258107e-02	 2.3917062683821e-05	 1.3497032884584e-02
 1.7492387895188e-01	 1.3645723633651e-02	 2.3928900927773e-05	 1.3617110421884e-02
 1.7530087007031e-01	 1.3766621398389e-02	 2.3940750073217e-05	 1.3737996337476e-02
 1.7567786118874e-01	 1.3888331148519e-02	 2.3952610192387e-05	 1.3859694227487e-02
 1.7605485230717e-01	 1.4010856484541e-02	 2.3964481348732e-05	 1.3982207692353e-02
 1.7643184342560e-01	 1.4134201011283e-02	 2.3976363596756e-05	 1.4105540336847e-02
 1.7680883454403e-01	 1.4258368337804e-02	 2.3988256981918e-05	 1.4229695769983e-02
 1.7718582566246e-01	 1.4383362077420e-02	 2.4000161540589e-05	 1.4354677605040e-02
 1.7756281678090e-01	 1.4509185847679e-02	 2.4012077300062e-05	 1.4480489459539e-02
 1.7793980789933e-01	 1.4635843270385e-02	 2.4024004278625e-05	 1.4607134955267e-02
 1.7831679901776e-01	 1.4763337971600e-02	 2.4035942485686e-05	 1.4734617718274e-02
 1.7869379013619e-01	 1.4891673581674e-02	 2.4047891921954e-05	 1.4862941378913e-02
 1.7907078125462e-01	 1.5020853735319e-02	 2.4059852579665e-05	 1.4992109571900e-02
 1.7944777237305e-01	 1.5150882071584e-02	 2.4071824442874e-05	 1.5122125936301e-02
 1.7982476349148e-01	 1.5281762234011e-02	 2.4083807487770e-05	 1.5252994115684e-02
 1.8020175460991e-01	 1.5413497870609e-02	 2.4095801683060e-05	 1.5384717758086e-02
 1.8057874572834e-01	 1.5546092633999e-02	 2.4107806990374e-05	 1.5517300516169e-02
 1.8095573684677e-01	 1.5679550181440e-02	 2.4119823364722e-05	 1.5650746047236e-02
 1.8133272796520e-01	 1.5813874174960e-02	 2.4131850754974e-05	 1.5785058013366e-02
 1.8170971908363e-01	 1.5949068281444e-02	 2.4143889104379e-05	 1.5920240081500e-02
 1.8208671020206e-01	 1.6085136172665e-02	 2.4155938351106e-05	 1.6056295923474e-02
 1.8246370132050e-01	 1.6222081525474e-02	 2.4167998428806e-05	 1.6193229216206e-02
 1.8284069243893e-01	 1.6359908021829e-02	 2.4180069267197e-05	 1.6331043641722e-02
 1.8321768355736e-01	 1.6498619348934e-02	 2.4192150792656e-05	 1.6469742887302e-02
 1.8359467467579e-01	 1.6638219199327e-02	 2.4204242928831e-05	 1.6609330645559e-02
 1.8397166579422e-01	 1.6778711270968e-02	 2.4216345597245e-05	 1.6749810614532e-02
 1.8434865691265e-01	 1.6920099267372e-02	 2.4228458717915e-05	 1.6891186497815e-02
 1.8472564803108e-01	 1.7062386897647e-02	 2.4240582209956e-05	 1.7033462004597e-02
 1.8510263914951e-01	 1.7205577876655e-02	 2.4252715992188e-05	 1.7176640849823e-02
 1.8547963026794e-01	 1.7349675925027e-02	 2.4264859983725e-05	 1.7320726754204e-02
 1.8585662138637e-01	 1.7494684769310e-02	 2.4277014104551e-05	 1.7465723444366e-02
 1.8623361250480e-01	 1.7640608141990e-02	 2.4289178276081e-05	 1.7611634652875e-02
 1.8661060362323e-01	 1.7787449781605e-02	 2.4301352421696e-05	 1.7758464118344e-02
 1.8698759474166e-01	 1.7935213432767e-02	 2.4313536467253e-05	 1.7906215585460e-02
 1.8736458586010e-01	 1.8083902846237e-02	 2.4325730341572e-05	 1.8054892805056e-02
 1.8774157697853e-01	 1.8233521778983e-02	 2.4337933976883e-05	 1.8204499534166e-02
 1.8811856809696e-01	 1.8384073994177e-02	 2.4350147309246e-05	 1.8355039536028e-02
 1.8849555921539e-01	 1.8535563261284e-02	 2.4362370278939e-05	 1.8506516580166e-02
