 0.0000000000000e+00
 0.0000000000000e+00
 3.6520590306657e-03
 3.6059566749343e-02
 2.6161534352418e-02
 3.0545916550954e-02
-1.4342420022090e-02
-2.5573053110103e-02
-3.4010337231956e-02
-2.9986282736677e-02
 0.0000000000000e+00
 0.0000000000000e+00
 0.0000000000000e+00
 0.0000000000000e+00
 1.3261063301156e-02
 1.9438394203788e-02
 1.7453716632039e-02
 3.0215660607657e-02
 2.0618272673248e-02
 1.2029153688823e-02
 2.1896582490064e-02
 2.6787967401234e-02
 0.0000000000000e+00
 0.0000000000000e+00
 0.0000000000000e+00
 0.0000000000000e+00
-3.5593893741191e-02
-3.0963129177774e-02
-3.0488661330504e-02
-2.8376661386794e-02
-3.3428838360907e-02
-1.3614548152437e-02
-2.9638091898441e-02
-2.7970901944865e-02
 0.0000000000000e+00
 0.0000000000000e+00
 0.0000000000000e+00
 0.0000000000000e+00
-2.3663399153921e-02
-2.5020433519107e-02
 3.1548410259079e-02
-2.6072461874430e-02
-3.5490307779874e-02
-2.2926199810773e-02
-3.1792332631218e-02
-3.5306769614960e-02
 0.0000000000000e+00
 0.0000000000000e+00
 1.9635202513667e-04
