 0.0000000000000e+00
 0.0000000000000e+00
-8.7982491380716e-03
-2.7727450851576e-02
-2.7550302913801e-02
-3.2886655599843e-02
-3.4453189373042e-02
-2.8874466615131e-02
-3.1076747612855e-02
-2.6892423269312e-03
 0.0000000000000e+00
 0.0000000000000e+00
 0.0000000000000e+00
 0.0000000000000e+00
-2.2312262588580e-02
-1.3955975335175e-02
-2.1553599245352e-02
-3.3562125771291e-02
-3.2778975288296e-02
-3.2057213582617e-02
-1.3760726598991e-02
-2.9805214863441e-02
 0.0000000000000e+00
 0.0000000000000e+00
 0.0000000000000e+00
 0.0000000000000e+00
 1.7112470525202e-02
 3.3407710174030e-02
 1.5844435672828e-02
-2.0095996694777e-04
-1.7814908736764e-02
 2.1126403068732e-02
 3.2680246903189e-02
 3.4877052122185e-02
 0.0000000000000e+00
 0.0000000000000e+00
 0.0000000000000e+00
 0.0000000000000e+00
 3.5249438649957e-02
 3.1352037178549e-02
 2.4013964370816e-02
 2.5224123450467e-02
 2.3140853859647e-02
 2.3405131174138e-02
 3.0029798862855e-02
 3.4773009939478e-02
 0.0000000000000e+00
 0.0000000000000e+00
 2.5763924964472e-04
