 0.0000000000000e+00
 0.0000000000000e+00
-2.7945269586627e-02
-5.4256298246721e-03
-3.0964343270678e-02
-3.7254656088111e-02
-1.0626293842204e-02
 7.5298239233401e-03
-2.4552257476625e-03
 9.7376295035292e-03
 0.0000000000000e+00
 0.0000000000000e+00
 0.0000000000000e+00
 0.0000000000000e+00
 2.2202020348382e-02
-5.1957565124720e-03
-2.6607572764548e-03
 2.0861828470264e-02
-2.4104082957412e-02
-3.7479954139713e-02
 1.5215793496126e-02
-8.5815513491224e-04
 0.0000000000000e+00
 0.0000000000000e+00
 0.0000000000000e+00
 0.0000000000000e+00
 6.5066431230030e-03
-1.1796631046872e-02
-1.1102962745216e-02
-1.7843935085210e-02
-1.6868479814552e-02
 5.4134161303087e-03
-1.3328716193097e-02
-1.9262357835522e-02
 0.0000000000000e+00
 0.0000000000000e+00
 0.0000000000000e+00
 0.0000000000000e+00
-2.1781698134221e-03
 2.2801515457513e-02
 3.7585685716028e-02
-1.0850973582290e-03
 9.2256900258651e-03
 7.7125192572674e-03
-2.8984652122388e-02
-6.4102586914480e-03
 0.0000000000000e+00
 0.0000000000000e+00
 1.0358758932034e-03
