 3.8414659846126e-02
 3.8106502924769e-02
 3.7800058793068e-02
 3.7495322917376e-02
 3.7192290751075e-02
 3.6890957734703e-02
 3.6591319296114e-02
 3.6293370850563e-02
 3.5997107800891e-02
 3.5702525537617e-02
 3.5409619439072e-02
 3.5118384871568e-02
 3.4828817189474e-02
 3.4540911735390e-02
 3.4254663840284e-02
 3.3970068823578e-02
 3.3687121993361e-02
 3.3405818646420e-02
 3.3126154068441e-02
 3.2848123534174e-02
 3.2571722307437e-02
 3.2296945641431e-02
 3.2023788778676e-02
 3.1752246951312e-02
 3.1482315381145e-02
 3.1213989279802e-02
 3.0947263848843e-02
 3.0682134279912e-02
 3.0418595754892e-02
 3.0156643445992e-02
 2.9896272515894e-02
 2.9637478117914e-02
 2.9380255396081e-02
 2.9124599485284e-02
 2.8870505511462e-02
 2.8617968591641e-02
 2.8366983834087e-02
 2.8117546338516e-02
 2.7869651196079e-02
 2.7623293489627e-02
 2.7378468293754e-02
 2.7135170674948e-02
 2.6893395691702e-02
 2.6653138394684e-02
 2.6414393826790e-02
 2.6177157023341e-02
 2.5941423012145e-02
 2.5707186813691e-02
 2.5474443441185e-02
 2.5243187900740e-02
 2.5013415191453e-02
 2.4785120305580e-02
 2.4558298228603e-02
 2.4332943939389e-02
 2.4109052410305e-02
 2.3886618607286e-02
 2.3665637490060e-02
 2.3446104012173e-02
 2.3228013121159e-02
 2.3011359758645e-02
 2.2796138860481e-02
 2.2582345356869e-02
 2.2369974172452e-02
 2.2159020226462e-02
 2.1949478432850e-02
 2.1741343700373e-02
 2.1534610932763e-02
 2.1329275028797e-02
 2.1125330882461e-02
 2.0922773383077e-02
 2.0721597415388e-02
 2.0521797859693e-02
 2.0323369592026e-02
 2.0126307484182e-02
 1.9930606403955e-02
 1.9736261215147e-02
 1.9543266777785e-02
 1.9351617948186e-02
 1.9161309579155e-02
 1.8972336520002e-02
 1.8784693616777e-02
 1.8598375712311e-02
 1.8413377646399e-02
 1.8229694255900e-02
 1.8047320374847e-02
 1.7866250834625e-02
 1.7686480464006e-02
 1.7508004089371e-02
 1.7330816534763e-02
 1.7154912622050e-02
 1.6980287170995e-02
 1.6806934999446e-02
 1.6634850923394e-02
 1.6464029757161e-02
 1.6294466313421e-02
 1.6126155403393e-02
 1.5959091836961e-02
 1.5793270422717e-02
 1.5628685968156e-02
 1.5465333279740e-02
 1.5303207163023e-02
 1.5142302422759e-02
 1.4982613863023e-02
 1.4824136287279e-02
 1.4666864498550e-02
 1.4510793299459e-02
 1.4355917492395e-02
 1.4202231879541e-02
 1.4049731263063e-02
 1.3898410445132e-02
 1.3748264228073e-02
 1.3599287414451e-02
 1.3451474807167e-02
 1.3304821209559e-02
 1.3159321425486e-02
 1.3014970259454e-02
 1.2871762516684e-02
 1.2729693003234e-02
 1.2588756526077e-02
 1.2448947893200e-02
 1.2310261913697e-02
 1.2172693397905e-02
 1.2036237157441e-02
 1.1900888005355e-02
 1.1766640756202e-02
 1.1633490226130e-02
 1.1501431233054e-02
 1.1370458596651e-02
 1.1240567138558e-02
 1.1111751682441e-02
 1.0984007054097e-02
 1.0857328081579e-02
 1.0731709595324e-02
 1.0607146428219e-02
 1.0483633415776e-02
 1.0361165396228e-02
 1.0239737210612e-02
 1.0119343702995e-02
 9.9999797204778e-03
 9.8816401134081e-03
 9.7643197355159e-03
 9.6480134439607e-03
 9.5327160995928e-03
 9.4184225669964e-03
 9.3051277146554e-03
 9.1928264151317e-03
 9.0815135451872e-03
 8.9711839858946e-03
 8.8618326228612e-03
 8.7534543463252e-03
 8.6460440513372e-03
 8.5395966378954e-03
 8.4341070111114e-03
 8.3295700813328e-03
 8.2259807643963e-03
 8.1233339816643e-03
 8.0216246602482e-03
 7.9208477331427e-03
 7.8209981394353e-03
 7.7220708243295e-03
 7.6240607394729e-03
 7.5269628429465e-03
 7.4307720995512e-03
 7.3354834808352e-03
 7.2410919653100e-03
 7.1475925385889e-03
 7.0549801934883e-03
 6.9632499302005e-03
 6.8723967563837e-03
 6.7824156873257e-03
 6.6933017460316e-03
 6.6050499633632e-03
 6.5176553781310e-03
 6.4311130372205e-03
 6.3454179956470e-03
 6.2605653167033e-03
 6.1765500719930e-03
 6.0933673415415e-03
 6.0110122138595e-03
 5.9294797859878e-03
 5.8487651635839e-03
 5.7688634609555e-03
 5.6897698010999e-03
 5.6114793157580e-03
 5.5339871453998e-03
 5.4572884392873e-03
 5.3813783554687e-03
 5.3062520607841e-03
 5.2319047308580e-03
 5.1583315500832e-03
 5.0855277116493e-03
 5.0134884174643e-03
 4.9422088781252e-03
 4.8716843129452e-03
 4.8019099498414e-03
 4.7328810253302e-03
 4.6645927844498e-03
 4.5970404807359e-03
 4.5302193761214e-03
 4.4641247408944e-03
 4.3987518536721e-03
 4.3340960012035e-03
 4.2701524784671e-03
 4.2069165884451e-03
 4.1443836421925e-03
 4.0825489586047e-03
 4.0214078644915e-03
 3.9609556944266e-03
 3.9011877906608e-03
 3.8420995031461e-03
 3.7836861893514e-03
 3.7259432143247e-03
 3.6688659505135e-03
 3.6124497778397e-03
 3.5566900835561e-03
 3.5015822622728e-03
 3.4471217158983e-03
 3.3933038536222e-03
 3.3401240919326e-03
 3.2875778545512e-03
 3.2356605725193e-03
 3.1843676841513e-03
 3.1336946351195e-03
 3.0836368784283e-03
 3.0341898745603e-03
 2.9853490914450e-03
 2.9371100046162e-03
 2.8894680972723e-03
 2.8424188603691e-03
 2.7959577927743e-03
 2.7500804013882e-03
 2.7047822012922e-03
 2.6600587158888e-03
 2.6159054771391e-03
 2.5723180257101e-03
 2.5292919111606e-03
 2.4868226922325e-03
 2.4449059370341e-03
 2.4035372232997e-03
 2.3627121386327e-03
 2.3224262808175e-03
 2.2826752580679e-03
 2.2434546893729e-03
 2.2047602047306e-03
 2.1665874455539e-03
 2.1289320649206e-03
 2.0917897279600e-03
 2.0551561121951e-03
 2.0190269078801e-03
 1.9833978183392e-03
 1.9482645603859e-03
 1.9136228646556e-03
 1.8794684759609e-03
 1.8457971537045e-03
 1.8126046722379e-03
 1.7798868212228e-03
 1.7476394060113e-03
 1.7158582480221e-03
 1.6845391851162e-03
 1.6536780719342e-03
 1.6232707802581e-03
 1.5933131993807e-03
 1.5638012364387e-03
 1.5347308167015e-03
 1.5060978839406e-03
 1.4778984007641e-03
 1.4501283488080e-03
 1.4227837291376e-03
 1.3958605624289e-03
 1.3693548892523e-03
 1.3432627703175e-03
 1.3175802866781e-03
 1.2923035399229e-03
 1.2674286523923e-03
 1.2429517672869e-03
 1.2188690488548e-03
 1.1951766824969e-03
 1.1718708748600e-03
 1.1489478539310e-03
 1.1264038690546e-03
 1.1042351910494e-03
 1.0824381121359e-03
 1.0610089459991e-03
 1.0399440276997e-03
 1.0192397136370e-03
 9.9889238155437e-04
 9.7889843032617e-04
 9.5925427992838e-04
 9.3995637127120e-04
 9.2100116606186e-04
 9.0238514661212e-04
 8.8410481565515e-04
 8.6615669616974e-04
 8.4853733108414e-04
 8.3124328311690e-04
 8.1427113446020e-04
 7.9761748649110e-04
 7.8127895957036e-04
 7.6525219266943e-04
 7.4953384307552e-04
 7.3412058606614e-04
 7.1900911461642e-04
 7.0419613899153e-04
 6.8967838645284e-04
 6.7545260087254e-04
 6.6151554238159e-04
 6.4786398698569e-04
 6.3449472620236e-04
 6.2140456671722e-04
 6.0859032993021e-04
 5.9604885163467e-04
 5.8377698161749e-04
 5.7177158326993e-04
 5.6002953322465e-04
 5.4854772095758e-04
 5.3732304837428e-04
 5.2635242952093e-04
 5.1563279013012e-04
 5.0516106727172e-04
 4.9493420902447e-04
 4.8494917404873e-04
 4.7520293126901e-04
 4.6569245951689e-04
 4.5641474718583e-04
 4.4736679186919e-04
 4.3854560007750e-04
 4.2994818681175e-04
 4.2157157536715e-04
 4.1341279694329e-04
 4.0546889032156e-04
 3.9773690165135e-04
 3.9021388407989e-04
 3.8289689753279e-04
 3.7578300838648e-04
 3.6886928926183e-04
 3.6215281875485e-04
 3.5563068120115e-04
 3.4929996642652e-04
 3.4315776958249e-04
 3.3720119093039e-04
 3.3142733561220e-04
 3.2583331355207e-04
 3.2041623925028e-04
 3.1517323167607e-04
 3.1010141415078e-04
 3.0519791422501e-04
 3.0045986362626e-04
 2.9588439822270e-04
 2.9146865795693e-04
 2.8720978687036e-04
 2.8310493311923e-04
 2.7915124902445e-04
 2.7534589118661e-04
 2.7168602054339e-04
 2.6816880262215e-04
 2.6479140761304e-04
 2.6155101068293e-04
 2.5844479222314e-04
 2.5546993814063e-04
 2.5262364020695e-04
 2.4990309652861e-04
 2.4730551189223e-04
 2.4482809834714e-04
 2.4246807570150e-04
 2.4022267214696e-04
 2.3808912489331e-04
 2.3606468091175e-04
 2.3414659764021e-04
 2.3233214385243e-04
 2.3061860051243e-04
 2.2900326171393e-04
 2.2748343563528e-04
 2.2605644565798e-04
 2.2471963137460e-04
 2.2347034984782e-04
 2.2230597670636e-04
 2.2122390752777e-04
 2.2022155906198e-04
 2.1929637062534e-04
 2.1844580552699e-04
 2.1766735250628e-04
 2.1695852720294e-04
 2.1631687372559e-04
 2.1573996618096e-04
 2.1522541030872e-04
 2.1477084498367e-04
 2.1437394397772e-04
 2.1403241752449e-04
 2.1374401397667e-04
 2.1350652143837e-04
 2.1331776946654e-04
 2.1317563059942e-04
 2.1307802203885e-04
 2.1302290721770e-04
 2.1300829729110e-04
 2.1303225270652e-04
 2.1309288457727e-04
 2.1318835613271e-04
 2.1331688397508e-04
 2.1347673939975e-04
 2.1366624947983e-04
 2.1388379814091e-04
 2.1412782720120e-04
 2.1439683712632e-04
 2.1468938783376e-04
 2.1500409929121e-04
 2.1533965198750e-04
 2.1569478730266e-04
 2.1606830769394e-04
 2.1645907673085e-04
 2.1686601903559e-04
 2.1728811993793e-04
 2.1772442508383e-04
 2.1817403985003e-04
 2.1863612846829e-04
 2.1910991317320e-04
 2.1959467295507e-04
 2.2008974231136e-04
 2.2059450969636e-04
 2.2110841584744e-04
 2.2163095189653e-04
 2.2216165734279e-04
 2.2270011781678e-04
 2.2324596267331e-04
 2.2379886242707e-04
 2.2435852602332e-04
 2.2492469795665e-04
 2.2549715523046e-04
 2.2607570418109e-04
 2.2666017711948e-04
 2.2725042902672e-04
 2.2784633387740e-04
 2.2844778103970e-04
 2.2905467159906e-04
 2.2966691446946e-04
 2.3028442257544e-04
 2.3090710893414e-04
 2.3153488271999e-04
 2.3216764525902e-04
 2.3280528612024e-04
 2.3344767914524e-04
 2.3409467856650e-04
 2.3474611506180e-04
 2.3540179208681e-04
 2.3606148203292e-04
 2.3672492272797e-04
 2.3739181388094e-04
 2.3806181373032e-04
 2.3873453586321e-04
 2.3940954617085e-04
 2.4008636000250e-04
 2.4076443951948e-04
 2.4144319124597e-04
 2.4212196391238e-04
 2.4280004646338e-04
 2.4347666635927e-04
 2.4415098816377e-04
 2.4482211241783e-04
 2.4548907474875e-04
 2.4615084529711e-04
 2.4680632857998e-04
 2.4745436341378e-04
 2.4809372342482e-04
 2.4872311770108e-04
 2.4934119185904e-04
 2.4994652941002e-04
 2.5053765349980e-04
 2.5111302889114e-04
 2.5167106434265e-04
 2.5221011533327e-04
 2.5272848700442e-04
 2.5322443747178e-04
 2.5369618149473e-04
 2.5414189431194e-04
 2.5455971585597e-04
 2.5494775518320e-04
 2.5530409519448e-04
 2.5562679760349e-04
 2.5591390799651e-04
 2.5616346130719e-04
 2.5637348731511e-04
 2.5654201640313e-04
 2.5666708535033e-04
 2.5674674339105e-04
 2.5677905830279e-04
 2.5676212249648e-04
 2.5669405933249e-04
 2.5657302931381e-04
 2.5639723640380e-04
 2.5616493418257e-04
 2.5587443216957e-04
 2.5552410181795e-04
 2.5511238269416e-04
 2.5463778830603e-04
 2.5409891192063e-04
 2.5349443215683e-04
 2.5282311848707e-04
 2.5208383635356e-04
 2.5127555221416e-04
 2.5039733826626e-04
 2.4944837686180e-04
 2.4842796469193e-04
 2.4733551660816e-04
 2.4617056916809e-04
 2.4493278373083e-04
 2.4362194930105e-04
 2.4223798493872e-04
 2.4078094179836e-04
 2.3925100476552e-04
 2.3764849365204e-04
 2.3597386405028e-04
 2.3422770774439e-04
 2.3241075260183e-04
 2.3052386222222e-04
 2.2856803498827e-04
 2.2654440276237e-04
 2.2445422923156e-04
 2.2229890768399e-04
 2.2007995850970e-04
 2.1779902625108e-04
 2.1545787620703e-04
 2.1305839077934e-04
 2.1060256533101e-04
 2.0809250377329e-04
 2.0553041378613e-04
 2.0291860170063e-04
 2.0025946709057e-04
 1.9755549714606e-04
 1.9480926068693e-04
 1.9202340201874e-04
 1.8920063448702e-04
 1.8634373397686e-04
 1.8345553210497e-04
 1.8053890936787e-04
 1.7759678814189e-04
 1.7463212556978e-04
 1.7164790643631e-04
 1.6864713600184e-04
 1.6563283275484e-04
 1.6260802133505e-04
 1.5957572535052e-04
 1.5653896033618e-04
 1.5350072684728e-04
 1.5046400361951e-04
 1.4743174088472e-04
 1.4440685394645e-04
 1.4139221685494e-04
 1.3839065633570e-04
 1.3540494601416e-04
 1.3243780087979e-04
 1.2949187197886e-04
 1.2656974154990e-04
 1.2367391832080e-04
 1.2080683331561e-04
 1.1797083589582e-04
 1.1516819021806e-04
 1.1240107208677e-04
 1.0967156616126e-04
 1.0698166364254e-04
 1.0433326029058e-04
 1.0172815489173e-04
 9.9168048146248e-05
 9.6654542012464e-05
 9.4189139397072e-05
 9.1773244376814e-05
 8.9408162726179e-05
 8.7095102979884e-05
 8.4835177793563e-05
 8.2629405804280e-05
 8.0478713860632e-05
 7.8383939623894e-05
 7.6345834516989e-05
 7.4365067155635e-05
 7.2442226950575e-05
 7.0577828228835e-05
 6.8772314514964e-05
 6.7026063220954e-05
 6.5339390578067e-05
 6.3712556784612e-05
 6.2145771508426e-05
 6.0639199448209e-05
 5.9192966240351e-05
 5.7807164483115e-05
 5.6481859852964e-05
 5.5217097444382e-05
 5.4012908158096e-05
 5.2869315160020e-05
 5.1786340434457e-05
 5.0764011309323e-05
 4.9802367055429e-05
 4.8901465384388e-05
 4.8061388975951e-05
 4.7282251905423e-05
 4.6564205918198e-05
 4.5907446740601e-05
 4.5312220091076e-05
 4.4778827609337e-05
 4.4307632609653e-05
 4.3899065631847e-05
 4.3553629746507e-05
 4.3271905576625e-05
 4.3054556207678e-05
 4.2902331710115e-05
 4.2816073329344e-05
 4.2796717557803e-05
 4.2845299663918e-05
 4.2962957111259e-05
 4.3150932462321e-05
 4.3410576034297e-05
 4.3743348210667e-05
 4.4150821305933e-05
 4.4634681163225e-05
 4.5196728347241e-05
 4.5838878970250e-05
 4.6563165087110e-05
 4.7371734866686e-05
 4.8266852276768e-05
 4.9250896414166e-05
 5.0326360530706e-05
 5.1495850711847e-05
 5.2762084152280e-05
 5.4127887148536e-05
 5.5596192746310e-05
 5.7170038091026e-05
 5.8852561498401e-05
 6.0646999197833e-05
 6.2556681791004e-05
 6.4585030581599e-05
 6.6735553510333e-05
 6.9011840971189e-05
 7.1417561356424e-05
 7.3956456546953e-05
 7.6632337041249e-05
 7.9449077179716e-05
 8.2410609999028e-05
 8.5520922214477e-05
 8.8784048928092e-05
 9.2204068454449e-05
 9.5785096943413e-05
 9.9531283121013e-05
 1.0344680296492e-04
 1.0753585440038e-04
 1.1180265210209e-04
 1.1625142229210e-04
 1.2088639770924e-04
 1.2571181256971e-04
 1.3073189781720e-04
 1.3595087629503e-04
 1.4137295832306e-04
 1.4700233728315e-04
 1.5284318547493e-04
 1.5889965013915e-04
 1.6517584975073e-04
 1.7167587049649e-04
 1.7840376308775e-04
 1.8536353967780e-04
 1.9255917123440e-04
 1.9999458507280e-04
 2.0767366266128e-04
 2.1560023778566e-04
 2.2377809498153e-04
 2.3221096825632e-04
 2.4090254008724e-04
 2.4985644073194e-04
 2.5907624793642e-04
 2.6856548674881e-04
 2.7832762979396e-04
 2.8836609771588e-04
 2.9868426002033e-04
 3.0928543615227e-04
 3.2017289670616e-04
 3.3134986511318e-04
 3.4281951946014e-04
 3.5458499453656e-04
 3.6664938412856e-04
 3.7901574353916e-04
 3.9168709229531e-04
 4.0466641703629e-04
 4.1795667451272e-04
 4.3156079488227e-04
 4.4548168497616e-04
 4.5972223179758e-04
 4.7428530605542e-04
 4.8917376580693e-04
 5.0439046017192e-04
 5.1993823308727e-04
 5.3581992705842e-04
 5.5203838698192e-04
 5.6859646393070e-04
 5.8549701887367e-04
 6.0274292643436e-04
 6.2033707851172e-04
 6.3828238793484e-04
 6.5658179184147e-04
 6.7523825517934e-04
 6.9425477388307e-04
 7.1363437808158e-04
 7.3338013501290e-04
 7.5349515190193e-04
 7.7398257857209e-04
 7.9484560991927e-04
 8.1608748823636e-04
 8.3771150525558e-04
 8.5972100403597e-04
 8.8211938059712e-04
 9.0491008545224e-04
 9.2809662470617e-04
 9.5168256118372e-04
 9.7567151511591e-04
 1.0000671647364e-03
 1.0248732466029e-03
 1.0500935556863e-03
 1.0757319452629e-03
 1.1017923265639e-03
 1.1282786682818e-03
 1.1551949957493e-03
 1.1825453900394e-03
 1.2103339868110e-03
 1.2385649749841e-03
 1.2672425952416e-03
 1.2963711384005e-03
 1.3259549435536e-03
 1.3559983961708e-03
 1.3865059259823e-03
 1.4174820048333e-03
 1.4489311443173e-03
 1.4808578934573e-03
 1.5132668362354e-03
 1.5461625890466e-03
 1.5795497981292e-03
 1.6134331369804e-03
 1.6478173037271e-03
 1.6827070184731e-03
 1.7181070206921e-03
 1.7540220666247e-03
 1.7904569266783e-03
 1.8274163829535e-03
 1.8649052267001e-03
 1.9029282559776e-03
 1.9414902733116e-03
 1.9805960834566e-03
 2.0202504912867e-03
 2.0604582997679e-03
 2.1012243080473e-03
 2.1425533096960e-03
 2.1844500910702e-03
 2.2269194297670e-03
 2.2699660933295e-03
 2.3135948379807e-03
 2.3578104075880e-03
 2.4026175327782e-03
 2.4480209301148e-03
 2.4940253016069e-03
 2.5406353341951e-03
 2.5878556995131e-03
 2.6356910537342e-03
 2.6841460376046e-03
 2.7332252766011e-03
 2.7829333813238e-03
 2.8332749478420e-03
 2.8842545583472e-03
 2.9358767818672e-03
 2.9881461750804e-03
 3.0410672833340e-03
 3.0946446415909e-03
 3.1488827757002e-03
 3.2037862035634e-03
 3.2593594365086e-03
 3.3156069806665e-03
 3.3725333384618e-03
 3.4301430100701e-03
 3.4884404950636e-03
 3.5474302939056e-03
 3.6071169096222e-03
 3.6675048494641e-03
 3.7285986264648e-03
 3.7904027611075e-03
 3.8529217829655e-03
 3.9161602322972e-03
 3.9801226615552e-03
 4.0448136369764e-03
 4.1102377400570e-03
 4.1763995689076e-03
 4.2433037397609e-03
 4.3109548881038e-03
 4.3793576700588e-03
 4.4485167634052e-03
 4.5184368687274e-03
 4.5891227103613e-03
 4.6605790372733e-03
 4.7328106239111e-03
 4.8058222707886e-03
 4.8796188052008e-03
 4.9542050816367e-03
 5.0295859822607e-03
 5.1057664170961e-03
 5.1827513243254e-03
 5.2605456703648e-03
 5.3391544497927e-03
 5.4185826853810e-03
 5.4988354277850e-03
 5.5799177553322e-03
 5.6618347736553e-03
 5.7445916152026e-03
 5.8281934387647e-03
 5.9126454288139e-03
 5.9979527948759e-03
 6.0841207707956e-03
 6.1711546139047e-03
 6.2590596042102e-03
 6.3478410434418e-03
 6.4375042542133e-03
 6.5280545789184e-03
 6.6194973788047e-03
 6.7118380329430e-03
 6.8050819371051e-03
 6.8992345027848e-03
 6.9943011560580e-03
 7.0902873365238e-03
 7.1871984962688e-03
 7.2850400987350e-03
 7.3838176177465e-03
 7.4835365363739e-03
 7.5842023460259e-03
 7.6858205454320e-03
 7.7883966396413e-03
 7.8919361391849e-03
 7.9964445591263e-03
 8.1019274182632e-03
 8.2083902383474e-03
 8.3158385432768e-03
 8.4242778584489e-03
 8.5337137101023e-03
 8.6441516246907e-03
 8.7555971283824e-03
 8.8680557465106e-03
 8.9815330032070e-03
 9.0960344209376e-03
 9.2115655202372e-03
 9.3281318193928e-03
 9.4457388342237e-03
 9.5643920779258e-03
 9.6840970609215e-03
 9.8048592907614e-03
 9.9266842721646e-03
 1.0049577506950e-02
 1.0173544494135e-02
 1.0298590730036e-02
 1.0424721708357e-02
 1.0551942920383e-02
 1.0680259855203e-02
 1.0809677999866e-02
 1.0940202839712e-02
 1.1071839858578e-02
 1.1204594539163e-02
 1.1338472363273e-02
 1.1473478812210e-02
 1.1609619367080e-02
 1.1746899509128e-02
 1.1885324720145e-02
 1.2024900482794e-02
 1.2165632280936e-02
 1.2307525600094e-02
 1.2450585927688e-02
 1.2594818753466e-02
 1.2740229569825e-02
 1.2886823872102e-02
 1.3034607158967e-02
 1.3183584932686e-02
 1.3333762699395e-02
 1.3485145969387e-02
 1.3637740257427e-02
 1.3791551082886e-02
 1.3946583970030e-02
 1.4102844448211e-02
 1.4260338052022e-02
 1.4419070321442e-02
 1.4579046802018e-02
 1.4740273044912e-02
 1.4902754607044e-02
 1.5066497051102e-02
 1.5231505945674e-02
 1.5397786865150e-02
 1.5565345389814e-02
 1.5734187105791e-02
 1.5904317605020e-02
 1.6075742485164e-02
 1.6248467349565e-02
 1.6422497807133e-02
 1.6597839472213e-02
 1.6774497964480e-02
 1.6952478908789e-02
 1.7131787934986e-02
 1.7312430677785e-02
 1.7494412776519e-02
 1.7677739874995e-02
 1.7862417621226e-02
 1.8048451667277e-02
 1.8235847668989e-02
 1.8424611285755e-02
 1.8614748180288e-02
 1.8806264018350e-02
 1.8999164468503e-02
 1.9193455201890e-02
 1.9389141891897e-02
 1.9586230213958e-02
 1.9784725845270e-02
 1.9984634464482e-02
 2.0185961751503e-02
 2.0388713387155e-02
 2.0592895052981e-02
 2.0798512430904e-02
 2.1005571203045e-02
 2.1214077051390e-02
 2.1424035657553e-02
 2.1635452702542e-02
 2.1848333866456e-02
 2.2062684828323e-02
 2.2278511265765e-02
 2.2495818854794e-02
 2.2714613269574e-02
 2.2934900182207e-02
 2.3156685262472e-02
 2.3379974177629e-02
 2.3604772592185e-02
 2.3831086167694e-02
 2.4058920562563e-02
 2.4288281431818e-02
 2.4519174426926e-02
 2.4751605195612e-02
 2.4985579381671e-02
 2.5221102624788e-02
 2.5458180560352e-02
 2.5696818819315e-02
 2.5937023027999e-02
 2.6178798807973e-02
 2.6422151775856e-02
 2.6667087543211e-02
 2.6913611716424e-02
 2.7161729896497e-02
 2.7411447678952e-02
 2.7662770653758e-02
 2.7915704405115e-02
 2.8170254511436e-02
 2.8426426545173e-02
 2.8684226072709e-02
 2.8943658654310e-02
 2.9204729843999e-02
 2.9467445189449e-02
 2.9731810231917e-02
 2.9997830506153e-02
 3.0265511540359e-02
 3.0534858856018e-02
 3.0805877967939e-02
 3.1078574384095e-02
 3.1352953605606e-02
 3.1629021126679e-02
 3.1906782434510e-02
 3.2186243009261e-02
 3.2467408323980e-02
 3.2750283844562e-02
 3.3034875029695e-02
 3.3321187330797e-02
 3.3609226191940e-02
 3.3898997049870e-02
 3.4190505333876e-02
 3.4483756465787e-02
 3.4778755859884e-02
 3.5075508922859e-02
 3.5374021053797e-02
 3.5674297644041e-02
 3.5976344077174e-02
 3.6280165728971e-02
 3.6585767967286e-02
 3.6893156152031e-02
 3.7202335635060e-02
 3.7513311760127e-02
 3.7826089862766e-02
 3.8140675270242e-02
 3.8457073301434e-02
 3.8775289266733e-02
 3.9095328467981e-02
 3.9417196198340e-02
 3.9740897742135e-02
 4.0066438374811e-02
 4.0393823362783e-02
 4.0723057963273e-02
 4.1054147424206e-02
 4.1387096984097e-02
 4.1721911871825e-02
 4.2058597306551e-02
 4.2397158497537e-02
 4.2737600643985e-02
 4.3079928934843e-02
 4.3424148548676e-02
 4.3770264653462e-02
 4.4118282406380e-02
 4.4468206953690e-02
 4.4820043430492e-02
 4.5173796960524e-02
 4.5529472655990e-02
