-1.8849555921539e-01	 2.1771806791340e-02	 1.6694289231146e-05	 2.1750276568438e-02
-1.8811856809696e-01	 2.1593734251578e-02	 1.6701025784379e-05	 2.1572197292124e-02
-1.8774157697853e-01	 2.1416732433431e-02	 1.6707767258478e-05	 2.1395188732502e-02
-1.8736458586010e-01	 2.1240797383999e-02	 1.6714513633663e-05	 2.1219246936695e-02
-1.8698759474166e-01	 2.1065925152425e-02	 1.6721264887991e-05	 2.1044367953867e-02
-1.8661060362323e-01	 2.0892111789925e-02	 1.6728020997446e-05	 2.0870547835257e-02
-1.8623361250480e-01	 2.0719353349977e-02	 1.6734781936058e-05	 2.0697782634371e-02
-1.8585662138637e-01	 2.0547645888339e-02	 1.6741547676026e-05	 2.0526068406992e-02
-1.8547963026794e-01	 2.0376985463153e-02	 1.6748318187867e-05	 2.0355401211295e-02
-1.8510263914951e-01	 2.0207368135063e-02	 1.6755093440565e-05	 2.0185777107952e-02
-1.8472564803108e-01	 2.0038789967270e-02	 1.6761873401750e-05	 2.0017192160198e-02
-1.8434865691265e-01	 1.9871247025691e-02	 1.6768658037874e-05	 1.9849642433983e-02
-1.8397166579422e-01	 1.9704735378996e-02	 1.6775447314413e-05	 1.9683123998011e-02
-1.8359467467579e-01	 1.9539251098735e-02	 1.6782241196079e-05	 1.9517632923869e-02
-1.8321768355736e-01	 1.9374790259451e-02	 1.6789039647034e-05	 1.9353165286134e-02
-1.8284069243893e-01	 1.9211348938773e-02	 1.6795842631131e-05	 1.9189717162471e-02
-1.8246370132050e-01	 1.9048923217511e-02	 1.6802650112152e-05	 1.9027284633728e-02
-1.8208671020206e-01	 1.8887509179770e-02	 1.6809462054059e-05	 1.8865863784045e-02
-1.8170971908363e-01	 1.8727102913062e-02	 1.6816278421256e-05	 1.8705450700971e-02
-1.8133272796520e-01	 1.8567700508381e-02	 1.6823099178857e-05	 1.8546041475532e-02
-1.8095573684677e-01	 1.8409298060356e-02	 1.6829924292954e-05	 1.8387632202393e-02
-1.8057874572834e-01	 1.8251891667317e-02	 1.6836753730894e-05	 1.8230218979916e-02
-1.8020175460991e-01	 1.8095477431430e-02	 1.6843587461559e-05	 1.8073797910299e-02
-1.7982476349148e-01	 1.7940051458754e-02	 1.6850425455646e-05	 1.7918365099628e-02
-1.7944777237305e-01	 1.7785609859411e-02	 1.6857267685944e-05	 1.7763916658055e-02
-1.7907078125462e-01	 1.7632148747638e-02	 1.6864114127615e-05	 1.7610448699840e-02
-1.7869379013619e-01	 1.7479664241929e-02	 1.6870964758462e-05	 1.7457957343501e-02
-1.7831679901776e-01	 1.7328152465058e-02	 1.6877819559204e-05	 1.7306438711829e-02
-1.7793980789933e-01	 1.7177609544312e-02	 1.6884678513730e-05	 1.7155888932128e-02
-1.7756281678090e-01	 1.7028031611446e-02	 1.6891541609356e-05	 1.7006304136166e-02
-1.7718582566246e-01	 1.6879414802869e-02	 1.6898408837062e-05	 1.6857680460361e-02
-1.7680883454403e-01	 1.6731755259705e-02	 1.6905280191723e-05	 1.6710014045843e-02
-1.7643184342560e-01	 1.6585049127881e-02	 1.6912155672324e-05	 1.6563301038539e-02
-1.7605485230717e-01	 1.6439292558243e-02	 1.6919035282156e-05	 1.6417537589291e-02
-1.7567786118874e-01	 1.6294481706582e-02	 1.6925919028998e-05	 1.6272719853883e-02
-1.7530087007031e-01	 1.6150612733783e-02	 1.6932806925278e-05	 1.6128843993187e-02
-1.7492387895188e-01	 1.6007681805862e-02	 1.6939698988216e-05	 1.5985906173204e-02
-1.7454688783345e-01	 1.5865685094035e-02	 1.6946595239940e-05	 1.5843902565125e-02
-1.7416989671502e-01	 1.5724618774799e-02	 1.6953495707582e-05	 1.5702829345421e-02
-1.7379290559659e-01	 1.5584479030037e-02	 1.6960400423348e-05	 1.5562682695943e-02
-1.7341591447816e-01	 1.5445262047007e-02	 1.6967309424561e-05	 1.5423458803912e-02
-1.7303892335973e-01	 1.5306964018442e-02	 1.6974222753683e-05	 1.5285153862018e-02
-1.7266193224130e-01	 1.5169581142616e-02	 1.6981140458295e-05	 1.5147764068487e-02
-1.7228494112286e-01	 1.5033109623340e-02	 1.6988062591067e-05	 1.5011285627079e-02
-1.7190795000443e-01	 1.4897545670076e-02	 1.6994989209680e-05	 1.4875714747196e-02
-1.7153095888600e-01	 1.4762885497924e-02	 1.7001920376734e-05	 1.4741047643877e-02
-1.7115396776757e-01	 1.4629125327646e-02	 1.7008856159613e-05	 1.4607280537816e-02
-1.7077697664914e-01	 1.4496261385756e-02	 1.7015796630327e-05	 1.4474409655455e-02
-1.7039998553071e-01	 1.4364289904483e-02	 1.7022741865323e-05	 1.4342431228947e-02
-1.7002299441228e-01	 1.4233207121826e-02	 1.7029691945262e-05	 1.4211341496211e-02
-1.6964600329385e-01	 1.4103009281551e-02	 1.7036646954770e-05	 1.4081136700926e-02
-1.6926901217542e-01	 1.3973692633199e-02	 1.7043606982156e-05	 1.3951813092547e-02
-1.6889202105699e-01	 1.3845253432110e-02	 1.7050572119107e-05	 1.3823366926321e-02
-1.6851502993856e-01	 1.3717687939373e-02	 1.7057542460349e-05	 1.3695794463242e-02
-1.6813803882013e-01	 1.3590992421894e-02	 1.7064518103284e-05	 1.3569091970121e-02
-1.6776104770169e-01	 1.3465163152337e-02	 1.7071499147603e-05	 1.3443255719519e-02
-1.6738405658326e-01	 1.3340196409085e-02	 1.7078485694875e-05	 1.3318281989720e-02
-1.6700706546483e-01	 1.3216088476293e-02	 1.7085477848108e-05	 1.3194167064775e-02
-1.6663007434640e-01	 1.3092835643793e-02	 1.7092475711300e-05	 1.3070907234412e-02
-1.6625308322797e-01	 1.2970434207110e-02	 1.7099479388964e-05	 1.2948498794051e-02
-1.6587609210954e-01	 1.2848880467431e-02	 1.7106488985634e-05	 1.2826938044775e-02
-1.6549910099111e-01	 1.2728170731521e-02	 1.7113504605366e-05	 1.2706221293246e-02
-1.6512210987268e-01	 1.2608301311749e-02	 1.7120526351223e-05	 1.2586344851727e-02
-1.6474511875425e-01	 1.2489268526009e-02	 1.7127554324744e-05	 1.2467305038014e-02
-1.6436812763582e-01	 1.2371068697686e-02	 1.7134588625420e-05	 1.2349098175391e-02
-1.6399113651739e-01	 1.2253698155583e-02	 1.7141629350152e-05	 1.2231720592563e-02
-1.6361414539896e-01	 1.2137153233947e-02	 1.7148676592720e-05	 1.2115168623684e-02
-1.6323715428053e-01	 1.2021430272343e-02	 1.7155730443244e-05	 1.1999438608229e-02
-1.6286016316209e-01	 1.1906525615614e-02	 1.7162790987659e-05	 1.1884526890957e-02
-1.6248317204366e-01	 1.1792435613884e-02	 1.7169858307186e-05	 1.1770429821907e-02
-1.6210618092523e-01	 1.1679156622437e-02	 1.7176932477826e-05	 1.1657143756289e-02
-1.6172918980680e-01	 1.1566685001720e-02	 1.7184013569862e-05	 1.1544665054480e-02
-1.6135219868837e-01	 1.1455017117248e-02	 1.7191101647375e-05	 1.1432990081930e-02
-1.6097520756994e-01	 1.1344149339588e-02	 1.7198196767781e-05	 1.1322115209150e-02
-1.6059821645151e-01	 1.1234078044295e-02	 1.7205298981400e-05	 1.1212036811643e-02
-1.6022122533308e-01	 1.1124799611832e-02	 1.7212408331031e-05	 1.1102751269831e-02
-1.5984423421465e-01	 1.1016310427587e-02	 1.7219524851575e-05	 1.0994254969065e-02
-1.5946724309622e-01	 1.0908606881806e-02	 1.7226648569675e-05	 1.0886544299566e-02
-1.5909025197779e-01	 1.0801685369525e-02	 1.7233779503394e-05	 1.0779615656352e-02
-1.5871326085936e-01	 1.0695542290562e-02	 1.7240917661929e-05	 1.0673465439230e-02
-1.5833626974093e-01	 1.0590174049464e-02	 1.7248063045358e-05	 1.0568090052749e-02
-1.5795927862249e-01	 1.0485577055517e-02	 1.7255215644435e-05	 1.0463485906202e-02
-1.5758228750406e-01	 1.0381747722664e-02	 1.7262375440416e-05	 1.0359649413553e-02
-1.5720529638563e-01	 1.0278682469519e-02	 1.7269542404933e-05	 1.0256576993444e-02
-1.5682830526720e-01	 1.0176377719372e-02	 1.7276716499912e-05	 1.0154265069201e-02
-1.5645131414877e-01	 1.0074829900144e-02	 1.7283897677534e-05	 1.0052710068796e-02
-1.5607432303034e-01	 9.9740354443851e-03	 1.7291085880246e-05	 9.9519084248346e-03
-1.5569733191191e-01	 9.8739907893026e-03	 1.7298281040809e-05	 9.8518565745915e-03
-1.5532034079348e-01	 9.7746923767358e-03	 1.7305483082407e-05	 9.7525509599832e-03
-1.5494334967505e-01	 9.6761366532291e-03	 1.7312691918786e-05	 9.6539880276401e-03
-1.5456635855662e-01	 9.5783200699746e-03	 1.7319907454456e-05	 9.5561642288499e-03
-1.5418936743819e-01	 9.4812390828890e-03	 1.7327129584927e-05	 9.4590760196338e-03
-1.5381237631976e-01	 9.3848901526570e-03	 1.7334358196995e-05	 9.3627198607897e-03
-1.5343538520133e-01	 9.2892697447443e-03	 1.7341593169073e-05	 9.2670922179050e-03
-1.5305839408289e-01	 9.1943743294648e-03	 1.7348834371561e-05	 9.1721895614230e-03
-1.5268140296446e-01	 9.1002003820067e-03	 1.7356081667265e-05	 9.0780083666692e-03
-1.5230441184603e-01	 9.0067443825582e-03	 1.7363334911845e-05	 8.9845451139761e-03
-1.5192742072760e-01	 8.9140028163080e-03	 1.7370593954312e-05	 8.8917962886834e-03
-1.5155042960917e-01	 8.8219721735398e-03	 1.7377858637552e-05	 8.7997583812320e-03
-1.5117343849074e-01	 8.7306489497394e-03	 1.7385128798889e-05	 8.7084278872702e-03
-1.5079644737231e-01	 8.6400296456590e-03	 1.7392404270672e-05	 8.6178013077181e-03
-1.5041945625388e-01	 8.5501107674483e-03	 1.7399684880899e-05	 8.5278751488972e-03
-1.5004246513545e-01	 8.4608888266506e-03	 1.7406970453855e-05	 8.4386459225265e-03
-1.4966547401702e-01	 8.3723603404612e-03	 1.7414260810783e-05	 8.3501101459802e-03
-1.4928848289859e-01	 8.2845218317237e-03	 1.7421555770565e-05	 8.2622643422828e-03
-1.4891149178016e-01	 8.1973698290644e-03	 1.7428855150422e-05	 8.1751050402438e-03
-1.4853450066173e-01	 8.1109008670617e-03	 1.7436158766626e-05	 8.0886287746248e-03
-1.4815750954329e-01	 8.0251114862968e-03	 1.7443466435224e-05	 8.0028320861913e-03
-1.4778051842486e-01	 7.9399982335607e-03	 1.7450777972756e-05	 7.9177115219177e-03
-1.4740352730643e-01	 7.8555576619081e-03	 1.7458093196993e-05	 7.8332636350409e-03
-1.4702653618800e-01	 7.7717863308403e-03	 1.7465411927653e-05	 7.7494849852424e-03
-1.4664954506957e-01	 7.6886808064419e-03	 1.7472733987132e-05	 7.6663721387845e-03
-1.4627255395114e-01	 7.6062376614534e-03	 1.7480059201211e-05	 7.5839216685819e-03
-1.4589556283271e-01	 7.5244534755135e-03	 1.7487387399758e-05	 7.5021301544435e-03
-1.4551857171428e-01	 7.4433248352145e-03	 1.7494718417419e-05	 7.4209941831268e-03
-1.4514158059585e-01	 7.3628483342739e-03	 1.7502052094282e-05	 7.3405103485094e-03
-1.4476458947742e-01	 7.2830205736642e-03	 1.7509388276530e-05	 7.2606752517174e-03
-1.4438759835899e-01	 7.2038381617723e-03	 1.7516726817064e-05	 7.1814855012849e-03
-1.4401060724056e-01	 7.1252977145142e-03	 1.7524067576102e-05	 7.1029377132679e-03
-1.4363361612213e-01	 7.0473958554644e-03	 1.7531410421747e-05	 7.0250285113724e-03
-1.4325662500369e-01	 6.9701292160369e-03	 1.7538755230530e-05	 6.9477545271361e-03
-1.4287963388526e-01	 6.8934944355407e-03	 1.7546101887915e-05	 6.8711123999825e-03
-1.4250264276683e-01	 6.8174881614005e-03	 1.7553450288765e-05	 6.7950987774414e-03
-1.4212565164840e-01	 6.7421070491860e-03	 1.7560800337785e-05	 6.7197103151779e-03
-1.4174866052997e-01	 6.6673477628035e-03	 1.7568151949910e-05	 6.6449436771834e-03
-1.4137166941154e-01	 6.5932069746014e-03	 1.7575505050667e-05	 6.5707955358805e-03
-1.4099467829311e-01	 6.5196813654206e-03	 1.7582859576489e-05	 6.4972625721739e-03
-1.4061768717468e-01	 6.4467676248162e-03	 1.7590215474989e-05	 6.4243414756709e-03
-1.4024069605625e-01	 6.3744624510531e-03	 1.7597572705197e-05	 6.3520289446777e-03
-1.3986370493782e-01	 6.3027625512536e-03	 1.7604931237746e-05	 6.2803216863456e-03
-1.3948671381939e-01	 6.2316646415150e-03	 1.7612291055028e-05	 6.2092164167897e-03
-1.3910972270096e-01	 6.1611654469194e-03	 1.7619652151292e-05	 6.1387098610979e-03
-1.3873273158253e-01	 6.0912617017019e-03	 1.7627014532718e-05	 6.0687987534990e-03
-1.3835574046409e-01	 6.0219501492618e-03	 1.7634378217435e-05	 5.9994798373741e-03
-1.3797874934566e-01	 5.9532275422712e-03	 1.7641743235507e-05	 5.9307498653655e-03
-1.3760175822723e-01	 5.8850906427092e-03	 1.7649109628878e-05	 5.8626055994101e-03
-1.3722476710880e-01	 5.8175362219399e-03	 1.7656477451278e-05	 5.7950438108184e-03
-1.3684777599037e-01	 5.7505610607648e-03	 1.7663846768090e-05	 5.7280612803264e-03
-1.3647078487194e-01	 5.6841619494620e-03	 1.7671217656186e-05	 5.6616547981355e-03
-1.3609379375351e-01	 5.6183356878253e-03	 1.7678590203726e-05	 5.5958211639513e-03
-1.3571680263508e-01	 5.5530790852168e-03	 1.7685964509924e-05	 5.5305571870367e-03
-1.3533981151665e-01	 5.4883889605431e-03	 1.7693340684789e-05	 5.4658596861881e-03
-1.3496282039822e-01	 5.4242621423810e-03	 1.7700718848828e-05	 5.4017254898620e-03
-1.3458582927979e-01	 5.3606954688794e-03	 1.7708099132733e-05	 5.3381514360764e-03
-1.3420883816136e-01	 5.2976857878474e-03	 1.7715481677035e-05	 5.2751343725002e-03
-1.3383184704293e-01	 5.2352299567650e-03	 1.7722866631740e-05	 5.2126711564630e-03
-1.3345485592449e-01	 5.1733248427298e-03	 1.7730254155944e-05	 5.1507586549036e-03
-1.3307786480606e-01	 5.1119673225594e-03	 1.7737644417428e-05	 5.0893937444717e-03
-1.3270087368763e-01	 5.0511542826548e-03	 1.7745037592236e-05	 5.0285733113923e-03
-1.3232388256920e-01	 4.9908826191268e-03	 1.7752433864243e-05	 4.9682942515923e-03
-1.3194689145077e-01	 4.9311492376851e-03	 1.7759833424704e-05	 4.9085534705902e-03
-1.3156990033234e-01	 4.8719510536976e-03	 1.7767236471796e-05	 4.8493478835555e-03
-1.3119290921391e-01	 4.8132849921090e-03	 1.7774643210150e-05	 4.7906744152286e-03
-1.3081591809548e-01	 4.7551479874946e-03	 1.7782053850374e-05	 4.7325299999740e-03
-1.3043892697705e-01	 4.6975369839435e-03	 1.7789468608573e-05	 4.6749115816647e-03
-1.3006193585862e-01	 4.6404489351590e-03	 1.7796887705860e-05	 4.6178161137829e-03
-1.2968494474019e-01	 4.5838808042962e-03	 1.7804311367867e-05	 4.5612405592581e-03
-1.2930795362176e-01	 4.5278295640500e-03	 1.7811739824251e-05	 4.5051818905555e-03
-1.2893096250333e-01	 4.4722921965508e-03	 1.7819173308198e-05	 4.4496370895724e-03
-1.2855397138489e-01	 4.4172656933436e-03	 1.7826612055929e-05	 4.3946031476174e-03
-1.2817698026646e-01	 4.3627470554100e-03	 1.7834056306203e-05	 4.3400770654335e-03
-1.2779998914803e-01	 4.3087332930109e-03	 1.7841506299820e-05	 4.2860558530409e-03
-1.2742299802960e-01	 4.2552214258066e-03	 1.7848962279125e-05	 4.2325365298572e-03
-1.2704600691117e-01	 4.2022084826782e-03	 1.7856424487514e-05	 4.1795161245204e-03
-1.2666901579274e-01	 4.1496915017515e-03	 1.7863893168937e-05	 4.1269916749123e-03
-1.2629202467431e-01	 4.0976675303390e-03	 1.7871368567405e-05	 4.0749602281014e-03
-1.2591503355588e-01	 4.0461336249006e-03	 1.7878850926492e-05	 4.0234188403039e-03
-1.2553804243745e-01	 3.9950868509810e-03	 1.7886340488848e-05	 3.9723645768219e-03
-1.2516105131902e-01	 3.9445242831811e-03	 1.7893837495694e-05	 3.9217945120151e-03
-1.2478406020059e-01	 3.8944430050339e-03	 1.7901342186334e-05	 3.8717057291773e-03
-1.2440706908216e-01	 3.8448401090745e-03	 1.7908854797656e-05	 3.8220953206066e-03
-1.2403007796373e-01	 3.7957126966425e-03	 1.7916375563630e-05	 3.7729603874086e-03
-1.2365308684529e-01	 3.7470578778926e-03	 1.7923904714808e-05	 3.7242980395076e-03
-1.2327609572686e-01	 3.6988727717225e-03	 1.7931442477824e-05	 3.6761053955744e-03
-1.2289910460843e-01	 3.6511545056920e-03	 1.7938989074881e-05	 3.6283795829468e-03
-1.2252211349000e-01	 3.6039002159124e-03	 1.7946544723243e-05	 3.5811177375189e-03
-1.2214512237157e-01	 3.5571070470263e-03	 1.7954109634724e-05	 3.5343170037213e-03
-1.2176813125314e-01	 3.5107721520991e-03	 1.7961684015164e-05	 3.4879745344136e-03
-1.2139114013471e-01	 3.4648926924788e-03	 1.7969268063916e-05	 3.4420874907446e-03
-1.2101414901628e-01	 3.4194658377732e-03	 1.7976861973315e-05	 3.3966530421297e-03
-1.2063715789785e-01	 3.3744887656894e-03	 1.7984465928159e-05	 3.3516683660910e-03
-1.2026016677942e-01	 3.3299586619963e-03	 1.7992080105170e-05	 3.3071306482209e-03
-1.1988317566099e-01	 3.2858727203227e-03	 1.7999704672476e-05	 3.2630370819799e-03
-1.1950618454256e-01	 3.2422281421086e-03	 1.8007339789075e-05	 3.2193848686493e-03
-1.1912919342412e-01	 3.1990221364180e-03	 1.8014985604310e-05	 3.1761712171434e-03
-1.1875220230569e-01	 3.1562519199042e-03	 1.8022642257345e-05	 3.1333933439766e-03
-1.1837521118726e-01	 3.1139147165685e-03	 1.8030309876648e-05	 3.0910484730216e-03
-1.1799822006883e-01	 3.0720077576617e-03	 1.8037988579482e-05	 3.0491338354119e-03
-1.1762122895040e-01	 3.0305282815871e-03	 1.8045678471406e-05	 3.0076466694454e-03
-1.1724423783197e-01	 2.9894735336380e-03	 1.8053379645792e-05	 2.9665842203219e-03
-1.1686724671354e-01	 2.9488407659491e-03	 1.8061092183357e-05	 2.9259437400955e-03
-1.1649025559511e-01	 2.9086272372930e-03	 1.8068816151716e-05	 2.8857224874710e-03
-1.1611326447668e-01	 2.8688302128691e-03	 1.8076551604969e-05	 2.8459177275939e-03
-1.1573627335825e-01	 2.8294469642359e-03	 1.8084298583299e-05	 2.8065267319823e-03
-1.1535928223982e-01	 2.7904747690440e-03	 1.8092057112627e-05	 2.7675467782611e-03
-1.1498229112139e-01	 2.7519109109415e-03	 1.8099827204286e-05	 2.7289751500670e-03
-1.1460530000296e-01	 2.7137526793545e-03	 1.8107608854752e-05	 2.6908091368295e-03
-1.1422830888452e-01	 2.6759973693447e-03	 1.8115402045417e-05	 2.6530460336290e-03
-1.1385131776609e-01	 2.6386422814085e-03	 1.8123206742422e-05	 2.6156831409958e-03
-1.1347432664766e-01	 2.6016847213785e-03	 1.8131022896546e-05	 2.5787177648117e-03
-1.1309733552923e-01	 2.5651220001824e-03	 1.8138850443163e-05	 2.5421472160689e-03
-1.1272034441080e-01	 2.5289514337230e-03	 1.8146689302273e-05	 2.5059688107505e-03
-1.1234335329237e-01	 2.4931703427348e-03	 1.8154539378602e-05	 2.4701798696859e-03
-1.1196636217394e-01	 2.4577760526590e-03	 1.8162400561797e-05	 2.4347777184269e-03
-1.1158937105551e-01	 2.4227658934808e-03	 1.8170272726703e-05	 2.3997596870838e-03
-1.1121237993708e-01	 2.3881371996144e-03	 1.8178155733730e-05	 2.3651231102104e-03
-1.1083538881865e-01	 2.3538873098196e-03	 1.8186049429330e-05	 2.3308653267200e-03
-1.1045839770022e-01	 2.3200135671010e-03	 1.8193953646571e-05	 2.2969836797841e-03
-1.1008140658179e-01	 2.2865133186233e-03	 1.8201868205820e-05	 2.2634755167472e-03
-1.0970441546336e-01	 2.2533839156944e-03	 1.8209792915544e-05	 2.2303381891086e-03
-1.0932742434492e-01	 2.2206227136573e-03	 1.8217727573223e-05	 2.1975690524139e-03
-1.0895043322649e-01	 2.1882270719624e-03	 1.8225671966389e-05	 2.1651654663257e-03
-1.0857344210806e-01	 2.1561943541125e-03	 1.8233625873781e-05	 2.1331247945685e-03
-1.0819645098963e-01	 2.1245219277398e-03	 1.8241589066635e-05	 2.1014444050029e-03
-1.0781945987120e-01	 2.0932071646312e-03	 1.8249561310094e-05	 2.0701216696508e-03
-1.0744246875277e-01	 2.0622474408539e-03	 1.8257542364745e-05	 2.0391539648189e-03
-1.0706547763434e-01	 2.0316401368222e-03	 1.8265531988292e-05	 2.0085386711637e-03
-1.0668848651591e-01	 2.0013826375365e-03	 1.8273529937350e-05	 1.9782731739288e-03
-1.0631149539748e-01	 1.9714723326469e-03	 1.8281535969361e-05	 1.9483548630073e-03
-1.0593450427905e-01	 1.9419066167624e-03	 1.8289549844642e-05	 1.9187811332475e-03
-1.0555751316062e-01	 1.9126828896648e-03	 1.8297571328546e-05	 1.8895493846660e-03
-1.0518052204219e-01	 1.8837985565418e-03	 1.8305600193739e-05	 1.8606570226778e-03
-1.0480353092376e-01	 1.8552510284087e-03	 1.8313636222586e-05	 1.8321014585159e-03
-1.0442653980532e-01	 1.8270377223388e-03	 1.8321679209640e-05	 1.8038801094589e-03
-1.0404954868689e-01	 1.7991560619691e-03	 1.8329728964228e-05	 1.7759903993346e-03
-1.0367255756846e-01	 1.7716034778144e-03	 1.8337785313119e-05	 1.7484297588310e-03
-1.0329556645003e-01	 1.7443774077901e-03	 1.8345848103271e-05	 1.7211956260166e-03
-1.0291857533160e-01	 1.7174752976639e-03	 1.8353917204646e-05	 1.6942854467890e-03
-1.0254158421317e-01	 1.6908946016386e-03	 1.8361992513074e-05	 1.6676966754553e-03
-1.0216459309474e-01	 1.6646327828228e-03	 1.8370073953164e-05	 1.6414267751994e-03
-1.0178760197631e-01	 1.6386873138761e-03	 1.8378161481239e-05	 1.6154732187246e-03
-1.0141061085788e-01	 1.6130556776067e-03	 1.8386255088283e-05	 1.5898334888481e-03
-1.0103361973945e-01	 1.5877353676342e-03	 1.8394354802889e-05	 1.5645050791611e-03
-1.0065662862102e-01	 1.5627238890026e-03	 1.8402460694184e-05	 1.5394854946381e-03
-1.0027963750259e-01	 1.5380187589532e-03	 1.8410572874720e-05	 1.5147722524083e-03
-9.9902646384155e-02	 1.5136175075444e-03	 1.8418691503307e-05	 1.4903628823708e-03
-9.9525655265725e-02	 1.4895176784709e-03	 1.8426816787782e-05	 1.4662549280129e-03
-9.9148664147294e-02	 1.4657168297225e-03	 1.8434948987670e-05	 1.4424459470646e-03
-9.8771673028863e-02	 1.4422125343736e-03	 1.8443088416750e-05	 1.4189335122866e-03
-9.8394681910432e-02	 1.4190023813594e-03	 1.8451235445478e-05	 1.3957152122437e-03
-9.8017690792002e-02	 1.3960839762009e-03	 1.8459390503263e-05	 1.3727886520274e-03
-9.7640699673571e-02	 1.3734549417720e-03	 1.8467554080566e-05	 1.3501514540212e-03
-9.7263708555140e-02	 1.3511129190788e-03	 1.8475726730813e-05	 1.3278012586777e-03
-9.6886717436709e-02	 1.3290555679603e-03	 1.8483909072088e-05	 1.3057357252180e-03
-9.6509726318278e-02	 1.3072805678349e-03	 1.8492101788591e-05	 1.2839525323760e-03
-9.6132735199848e-02	 1.2857856184146e-03	 1.8500305631854e-05	 1.2624493791125e-03
-9.5755744081417e-02	 1.2645684403570e-03	 1.8508521421668e-05	 1.2412239852650e-03
-9.5378752962986e-02	 1.2436267759269e-03	 1.8516750046727e-05	 1.2202740922099e-03
-9.5001761844555e-02	 1.2229583896560e-03	 1.8524992464963e-05	 1.1995974635208e-03
-9.4624770726125e-02	 1.2025610688163e-03	 1.8533249703546e-05	 1.1791918854425e-03
-9.4247779607694e-02	 1.1824326240595e-03	 1.8541522858547e-05	 1.1590551675307e-03
-9.3870788489263e-02	 1.1625708897881e-03	 1.8549813094237e-05	 1.1391851430236e-03
-9.3493797370832e-02	 1.1429737246529e-03	 1.8558121642013e-05	 1.1195796693406e-03
-9.3116806252401e-02	 1.1236390118805e-03	 1.8566449798936e-05	 1.1002366284113e-03
-9.2739815133971e-02	 1.1045646595430e-03	 1.8574798925880e-05	 1.0811539269469e-03
-9.2362824015540e-02	 1.0857486008162e-03	 1.8583170445259e-05	 1.0623294967007e-03
-9.1985832897109e-02	 1.0671887941028e-03	 1.8591565838351e-05	 1.0437612945942e-03
-9.1608841778678e-02	 1.0488832231161e-03	 1.8599986642196e-05	 1.0254473028036e-03
-9.1231850660248e-02	 1.0308298968233e-03	 1.8608434446067e-05	 1.0073855287069e-03
-9.0854859541817e-02	 1.0130268493540e-03	 1.8616910887519e-05	 9.8957400479627e-04
-9.0477868423386e-02	 9.9547213984098e-04	 1.8625417648004e-05	 9.7201078852271e-04
-9.0100877304955e-02	 9.7816385210221e-04	 1.8633956448065e-05	 9.5469396198389e-04
-8.9723886186524e-02	 9.6110009419018e-04	 1.8642529042109e-05	 9.3762163147781e-04
-8.9346895068094e-02	 9.4427899803059e-04	 1.8651137212771e-05	 9.2079192714756e-04
-8.8969903949663e-02	 9.2769871870602e-04	 1.8659782764866e-05	 9.0420300227090e-04
-8.8592912831232e-02	 9.1135743388100e-04	 1.8668467518956e-05	 8.8785303269179e-04
-8.8215921712801e-02	 8.9525334292384e-04	 1.8677193304542e-05	 8.7174021594905e-04
-8.7838930594371e-02	 8.7938466603386e-04	 1.8685961952887e-05	 8.5586277041072e-04
-8.7461939475940e-02	 8.6374964329061e-04	 1.8694775289512e-05	 8.4021893433084e-04
-8.7084948357509e-02	 8.4834653348652e-04	 1.8703635126365e-05	 8.2480696468989e-04
-8.6707957239078e-02	 8.3317361299948e-04	 1.8712543253701e-05	 8.0962513607552e-04
-8.6330966120648e-02	 8.1822917444517e-04	 1.8721501431696e-05	 7.9467173934322e-04
-8.5953975002217e-02	 8.0351152530444e-04	 1.8730511381824e-05	 7.7994508025236e-04
-8.5576983883786e-02	 7.8901898646817e-04	 1.8739574778035e-05	 7.6544347801988e-04
-8.5199992765355e-02	 7.7474989063700e-04	 1.8748693237759e-05	 7.5116526372898e-04
-8.4823001646924e-02	 7.6070258069406e-04	 1.8757868312779e-05	 7.3710877871103e-04
-8.4446010528494e-02	 7.4687540798736e-04	 1.8767101480011e-05	 7.2327237283709e-04
-8.4069019410063e-02	 7.3326673049881e-04	 1.8776394132229e-05	 7.0965440269632e-04
-8.3692028291632e-02	 7.1987491103342e-04	 1.8785747568782e-05	 6.9625322979439e-04
-8.3315037173201e-02	 7.0669831527015e-04	 1.8795162986336e-05	 6.8306721861355e-04
-8.2938046054771e-02	 6.9373530981002e-04	 1.8804641469706e-05	 6.7009473467006e-04
-8.2561054936340e-02	 6.8098426015763e-04	 1.8814183982799e-05	 6.5733414250457e-04
-8.2184063817909e-02	 6.6844352871549e-04	 1.8823791359742e-05	 6.4478380368549e-04
-8.1807072699478e-02	 6.5611147270304e-04	 1.8833464296218e-05	 6.3244207473656e-04
-8.1430081581047e-02	 6.4398644205970e-04	 1.8843203341079e-05	 6.2030730504836e-04
-8.1053090462617e-02	 6.3206677741477e-04	 1.8853008888275e-05	 6.0837783485623e-04
-8.0676099344186e-02	 6.2035080800446e-04	 1.8862881169150e-05	 5.9665199316505e-04
-8.0299108225755e-02	 6.0883684959176e-04	 1.8872820245155e-05	 5.8512809567635e-04
-7.9922117107324e-02	 5.9752320252044e-04	 1.8882826001021e-05	 5.7380444284916e-04
-7.9545125988894e-02	 5.8640814964565e-04	 1.8892898138457e-05	 5.6267931783693e-04
-7.9168134870463e-02	 5.7548995447621e-04	 1.8903036170392e-05	 5.5175098463556e-04
-7.8791143752032e-02	 5.6476685932036e-04	 1.8913239415833e-05	 5.4101768623427e-04
-7.8414152633601e-02	 5.5423708342433e-04	 1.8923506995369e-05	 5.3047764275871e-04
-7.8037161515170e-02	 5.4389882137648e-04	 1.8933837827366e-05	 5.2012904987886e-04
-7.7660170396740e-02	 5.3375024142520e-04	 1.8944230624891e-05	 5.0997007713005e-04
-7.7283179278309e-02	 5.2378948405721e-04	 1.8954683893413e-05	 4.9999886649355e-04
-7.6906188159878e-02	 5.1401466059810e-04	 1.8965195929301e-05	 4.9021353099854e-04
-7.6529197041447e-02	 5.0442385198291e-04	 1.8975764819162e-05	 4.8061215349349e-04
-7.6152205923017e-02	 4.9501510769414e-04	 1.8986388440051e-05	 4.7119278558383e-04
-7.5775214804586e-02	 4.8578644478027e-04	 1.8997064460562e-05	 4.6195344664945e-04
-7.5398223686155e-02	 4.7673584714182e-04	 1.9007790342851e-05	 4.5289212312871e-04
-7.5021232567724e-02	 4.6786126487433e-04	 1.9018563345576e-05	 4.4400676785850e-04
-7.4644241449293e-02	 4.5916061391837e-04	 1.9029380527805e-05	 4.3529529972031e-04
-7.4267250330863e-02	 4.5063177575640e-04	 1.9040238753870e-05	 4.2675560333227e-04
-7.3890259212432e-02	 4.4227259744903e-04	 1.9051134699196e-05	 4.1838552907958e-04
-7.3513268094001e-02	 4.3408089173574e-04	 1.9062064857104e-05	 4.1018289320838e-04
-7.3136276975570e-02	 4.2605443748294e-04	 1.9073025546574e-05	 4.0214547826611e-04
-7.2759285857140e-02	 4.1819098022345e-04	 1.9084012920978e-05	 3.9427103363221e-04
-7.2382294738709e-02	 4.1048823295234e-04	 1.9095022977760e-05	 3.8655727630432e-04
-7.2005303620278e-02	 4.0294387720702e-04	 1.9106051569048e-05	 3.7900189196771e-04
-7.1628312501847e-02	 3.9555556424609e-04	 1.9117094413190e-05	 3.7160253616264e-04
-7.1251321383416e-02	 3.8832091655216e-04	 1.9128147107166e-05	 3.6435683577474e-04
-7.0874330264986e-02	 3.8123752945750e-04	 1.9139205139870e-05	 3.5726239064737e-04
-7.0497339146555e-02	 3.7430297313742e-04	 1.9150263906200e-05	 3.5031677556097e-04
-7.0120348028124e-02	 3.6751479463225e-04	 1.9161318721944e-05	 3.4351754224005e-04
-6.9743356909693e-02	 3.6087052019826e-04	 1.9172364839398e-05	 3.3686222168861e-04
-6.9366365791263e-02	 3.5436765784012e-04	 1.9183397463661e-05	 3.3034832670620e-04
-6.8989374672832e-02	 3.4800370006192e-04	 1.9194411769581e-05	 3.2397335462209e-04
-6.8612383554401e-02	 3.4177612672682e-04	 1.9205402919257e-05	 3.1773479013730e-04
-6.8235392435970e-02	 3.3568240818647e-04	 1.9216366080061e-05	 3.1163010843616e-04
-6.7858401317540e-02	 3.2972000856287e-04	 1.9227296443100e-05	 3.0565677844951e-04
-6.7481410199109e-02	 3.2388638913419e-04	 1.9238189242046e-05	 2.9981226622189e-04
-6.7104419080678e-02	 3.1817901195618e-04	 1.9249039772266e-05	 2.9409403851366e-04
-6.6727427962247e-02	 3.1259534355067e-04	 1.9259843410161e-05	 2.8849956647026e-04
-6.6350436843816e-02	 3.0713285874468e-04	 1.9270595632649e-05	 2.8302632944177e-04
-6.5973445725386e-02	 3.0178904458634e-04	 1.9281292036694e-05	 2.7767181887939e-04
-6.5596454606955e-02	 2.9656140439788e-04	 1.9291928358788e-05	 2.7243354236883e-04
-6.5219463488524e-02	 2.9144746186513e-04	 1.9302500494321e-05	 2.6730902770056e-04
-6.4842472370093e-02	 2.8644476517187e-04	 1.9313004516717e-05	 2.6229582698489e-04
-6.4465481251663e-02	 2.8155089117903e-04	 1.9323436696270e-05	 2.5739152081250e-04
-6.4088490133232e-02	 2.7676344967425e-04	 1.9333793518562e-05	 2.5259372248543e-04
-6.3711499014801e-02	 2.7208008748604e-04	 1.9344071702389e-05	 2.4790008211339e-04
-6.3334507896370e-02	 2.6749849273241e-04	 1.9354268217090e-05	 2.4330829084507e-04
-6.2957516777939e-02	 2.6301639891169e-04	 1.9364380299179e-05	 2.3881608494225e-04
-6.2580525659509e-02	 2.5863158895079e-04	 1.9374405468210e-05	 2.3442124981232e-04
-6.2203534541078e-02	 2.5434189920661e-04	 1.9384341541751e-05	 2.3012162399461e-04
-6.1826543422647e-02	 2.5014522328876e-04	 1.9394186649408e-05	 2.2591510296910e-04
-6.1449552304216e-02	 2.4603951586293e-04	 1.9403939245786e-05	 2.2179964294688e-04
-6.1072561185786e-02	 2.4202279615837e-04	 1.9413598122326e-05	 2.1777326436578e-04
-6.0695570067355e-02	 2.3809315144086e-04	 1.9423162417914e-05	 2.1383405535269e-04
-6.0318578948924e-02	 2.3424874022149e-04	 1.9432631628210e-05	 2.0998017492302e-04
-5.9941587830493e-02	 2.3048779525094e-04	 1.9442005613600e-05	 2.0620985596709e-04
-5.9564596712062e-02	 2.2680862630299e-04	 1.9451284605720e-05	 2.0252140802701e-04
-5.9187605593632e-02	 2.2320962277404e-04	 1.9460469212487e-05	 1.9891321989129e-04
-5.8810614475201e-02	 2.1968925585181e-04	 1.9469560421574e-05	 1.9538376175998e-04
-5.8433623356770e-02	 2.1624608060265e-04	 1.9478559602289e-05	 1.9193158733011e-04
-5.8056632238339e-02	 2.1287873757314e-04	 1.9487468505806e-05	 1.8855533539708e-04
-5.7679641119909e-02	 2.0958595425514e-04	 1.9496289263719e-05	 1.8525373132117e-04
-5.7302650001478e-02	 2.0636654609228e-04	 1.9505024384877e-05	 1.8202558803715e-04
-5.6925658883047e-02	 2.0321941714930e-04	 1.9513676750501e-05	 1.7886980672854e-04
-5.6548667764616e-02	 2.0014356058902e-04	 1.9522249607544e-05	 1.7578537731122e-04
-5.6171676646185e-02	 1.9713805863289e-04	 1.9530746560307e-05	 1.7277137840233e-04
-5.5794685527755e-02	 1.9420208217368e-04	 1.9539171560300e-05	 1.6982697694312e-04
-5.5417694409324e-02	 1.9133489009350e-04	 1.9547528894372e-05	 1.6695142752887e-04
-5.5040703290893e-02	 1.8853582816396e-04	 1.9555823171114e-05	 1.6414407132259e-04
-5.4663712172462e-02	 1.8580432760725e-04	 1.9564059305580e-05	 1.6140433463141e-04
-5.4286721054032e-02	 1.8313990317214e-04	 1.9572242502344e-05	 1.5873172699954e-04
-5.3909729935601e-02	 1.8054215099873e-04	 1.9580378236948e-05	 1.5612583909153e-04
-5.3532738817170e-02	 1.7801074596696e-04	 1.9588472235799e-05	 1.5358634006091e-04
-5.3155747698739e-02	 1.7554543878035e-04	 1.9596530454557e-05	 1.5111297465553e-04
-5.2778756580309e-02	 1.7314605261158e-04	 1.9604559055102e-05	 1.4870555988622e-04
-5.2401765461878e-02	 1.7081247946840e-04	 1.9612564381154e-05	 1.4636398141699e-04
-5.2024774343447e-02	 1.6854467618233e-04	 1.9620552932620e-05	 1.4408818957945e-04
-5.1647783225016e-02	 1.6634266006177e-04	 1.9628531338773e-05	 1.4187819505274e-04
-5.1270792106585e-02	 1.6420650426176e-04	 1.9636506330353e-05	 1.3973406426115e-04
-5.0893800988155e-02	 1.6213633283877e-04	 1.9644484710712e-05	 1.3765591445780e-04
-5.0516809869724e-02	 1.6013231555648e-04	 1.9652473326091e-05	 1.3564390856013e-04
-5.0139818751293e-02	 1.5819466238701e-04	 1.9660479035180e-05	 1.3369824968157e-04
-4.9762827632862e-02	 1.5632361781732e-04	 1.9668508678059e-05	 1.3181917546901e-04
-4.9385836514432e-02	 1.5451945495056e-04	 1.9676569044665e-05	 1.3000695223564e-04
-4.9008845396001e-02	 1.5278246935159e-04	 1.9684666842924e-05	 1.2826186883841e-04
-4.8631854277570e-02	 1.5111297280600e-04	 1.9692808666674e-05	 1.2658423046907e-04
-4.8254863159139e-02	 1.4951128694820e-04	 1.9701000963540e-05	 1.2497435231440e-04
-4.7877872040708e-02	 1.4797773670186e-04	 1.9709250002893e-05	 1.2343255302871e-04
-4.7500880922278e-02	 1.4651264370634e-04	 1.9717561844059e-05	 1.2195914819202e-04
-4.7123889803847e-02	 1.4511631970067e-04	 1.9725942304916e-05	 1.2055444372550e-04
-4.6746898685416e-02	 1.4378905986032e-04	 1.9734396931046e-05	 1.1921872925902e-04
-4.6369907566985e-02	 1.4253113615496e-04	 1.9742930965582e-05	 1.1795227151912e-04
-4.5992916448555e-02	 1.4134279080692e-04	 1.9751549319927e-05	 1.1675530781674e-04
-4.5615925330124e-02	 1.4022422972832e-04	 1.9760256545471e-05	 1.1562803951259e-04
-4.5238934211693e-02	 1.3917561614519e-04	 1.9769056806487e-05	 1.1457062566844e-04
-4.4861943093262e-02	 1.3819706438232e-04	 1.9777953854338e-05	 1.1358317685772e-04
-4.4484951974831e-02	 1.3728863373718e-04	 1.9786951003153e-05	 1.1266574906377e-04
-4.4107960856401e-02	 1.3645032267878e-04	 1.9796051107107e-05	 1.1181833790141e-04
-4.3730969737970e-02	 1.3568206316083e-04	 1.9805256539462e-05	 1.1104087295111e-04
-4.3353978619539e-02	 1.3498371533706e-04	 1.9814569173480e-05	 1.1033321249332e-04
-4.2976987501108e-02	 1.3435506244969e-04	 1.9823990365358e-05	 1.0969513841408e-04
-4.2599996382678e-02	 1.3379580618689e-04	 1.9833520939295e-05	 1.0912635157734e-04
-4.2223005264247e-02	 1.3330556222126e-04	 1.9843161174807e-05	 1.0862646737619e-04
-4.1846014145816e-02	 1.3288385632875e-04	 1.9852910796398e-05	 1.0819501186210e-04
-4.1469023027385e-02	 1.3253012078456e-04	 1.9862768965678e-05	 1.0783141814863e-04
-4.1092031908954e-02	 1.3224369120395e-04	 1.9872734276024e-05	 1.0753502325767e-04
-4.0715040790524e-02	 1.3202380391649e-04	 1.9882804749845e-05	 1.0730506549639e-04
-4.0338049672093e-02	 1.3186959373029e-04	 1.9892977838528e-05	 1.0714068222151e-04
-3.9961058553662e-02	 1.3178009220702e-04	 1.9903250425121e-05	 1.0704090811164e-04
-3.9584067435231e-02	 1.3175422648519e-04	 1.9913618829767e-05	 1.0700467398517e-04
-3.9207076316801e-02	 1.3179081858686e-04	 1.9924078817958e-05	 1.0703080609864e-04
-3.8830085198370e-02	 1.3188858525269e-04	 1.9934625611581e-05	 1.0711802597085e-04
-3.8453094079939e-02	 1.3204613835067e-04	 1.9945253902790e-05	 1.0726495077762e-04
-3.8076102961508e-02	 1.3226198577355e-04	 1.9955957870669e-05	 1.0747009423262e-04
-3.7699111843078e-02	 1.3253453296313e-04	 1.9966731200668e-05	 1.0773186809221e-04
-3.7322120724647e-02	 1.3286208492362e-04	 1.9977567106776e-05	 1.0804858414659e-04
-3.6945129606216e-02	 1.3324284877475e-04	 1.9988458356358e-05	 1.0841845674814e-04
-3.6568138487785e-02	 1.3367493696159e-04	 1.9999397297609e-05	 1.0883960599373e-04
-3.6191147369354e-02	 1.3415637078383e-04	 2.0010375889520e-05	 1.0931006122405e-04
-3.5814156250924e-02	 1.3468508471341e-04	 2.0021385734275e-05	 1.0982776530888e-04
-3.5437165132493e-02	 1.3525893101378e-04	 2.0032418111958e-05	 1.1039057923157e-04
-3.5060174014062e-02	 1.3587568495290e-04	 2.0043464017453e-05	 1.1099628726519e-04
-3.4683182895631e-02	 1.3653305046598e-04	 2.0054514199392e-05	 1.1164260259633e-04
-3.4306191777201e-02	 1.3722866634625e-04	 2.0065559201009e-05	 1.1232717347498e-04
-3.3929200658770e-02	 1.3796011275089e-04	 2.0076589402737e-05	 1.1304758967789e-04
-3.3552209540339e-02	 1.3872491817425e-04	 2.0087595066378e-05	 1.1380138943762e-04
-3.3175218421908e-02	 1.3952056686239e-04	 2.0098566380658e-05	 1.1458606681147e-04
-3.2798227303477e-02	 1.4034450646783e-04	 2.0109493507982e-05	 1.1539907928959e-04
-3.2421236185047e-02	 1.4119415611816e-04	 2.0120366632186e-05	 1.1623785581572e-04
-3.2044245066616e-02	 1.4206691465810e-04	 2.0131176007082e-05	 1.1709980498076e-04
-3.1667253948185e-02	 1.4296016926100e-04	 2.0141912005566e-05	 1.1798232358518e-04
-3.1290262829754e-02	 1.4387130420877e-04	 2.0152565169092e-05	 1.1888280536942e-04
-3.0913271711324e-02	 1.4479770972690e-04	 2.0163126257259e-05	 1.1979864979939e-04
-3.0536280592893e-02	 1.4573679113208e-04	 2.0173586297302e-05	 1.2072727116452e-04
-3.0159289474462e-02	 1.4668597795579e-04	 2.0183936633240e-05	 1.2166610765230e-04
-2.9782298356031e-02	 1.4764273310513e-04	 2.0194168974448e-05	 1.2261263046043e-04
-2.9405307237600e-02	 1.4860456204294e-04	 2.0204275443420e-05	 1.2356435292926e-04
-2.9028316119170e-02	 1.4956902197186e-04	 2.0214248622482e-05	 1.2451883967912e-04
-2.8651325000739e-02	 1.5053373081642e-04	 2.0224081599217e-05	 1.2547371554694e-04
-2.8274333882308e-02	 1.5149637617433e-04	 2.0233768010374e-05	 1.2642667449370e-04
-2.7897342763877e-02	 1.5245472402275e-04	 2.0243302084030e-05	 1.2737548826847e-04
-2.7520351645447e-02	 1.5340662725213e-04	 2.0252678679774e-05	 1.2831801490210e-04
-2.7143360527016e-02	 1.5435003380754e-04	 2.0261893326693e-05	 1.2925220681059e-04
-2.6766369408585e-02	 1.5528299473561e-04	 2.0270942258958e-05	 1.3017611880639e-04
-2.6389378290154e-02	 1.5620367165022e-04	 2.0279822448782e-05	 1.3108791553118e-04
-2.6012387171723e-02	 1.5711034389693e-04	 2.0288531636578e-05	 1.3198587859009e-04
-2.5635396053293e-02	 1.5800141537262e-04	 2.0297068358106e-05	 1.3286841334426e-04
-2.5258404934862e-02	 1.5887542065764e-04	 2.0305431968453e-05	 1.3373405501893e-04
-2.4881413816431e-02	 1.5973103085897e-04	 2.0313622662662e-05	 1.3458147452605e-04
-2.4504422698000e-02	 1.6056705875305e-04	 2.0321641492875e-05	 1.3540948358992e-04
-2.4127431579570e-02	 1.6138246346379e-04	 2.0329490381843e-05	 1.3621703941169e-04
-2.3750440461139e-02	 1.6217635439205e-04	 2.0337172132677e-05	 1.3700324858912e-04
-2.3373449342708e-02	 1.6294799470223e-04	 2.0344690434746e-05	 1.3776737059723e-04
-2.2996458224277e-02	 1.6369680398839e-04	 2.0352049865615e-05	 1.3850882045252e-04
-2.2619467105847e-02	 1.6442236036726e-04	 2.0359255888953e-05	 1.3922717080805e-04
-2.2242475987416e-02	 1.6512440179725e-04	 2.0366314848370e-05	 1.3992215327863e-04
-2.1865484868985e-02	 1.6580282677535e-04	 2.0373233957113e-05	 1.4059365914798e-04
-2.1488493750554e-02	 1.6645769422134e-04	 2.0380021283642e-05	 1.4124173926744e-04
-2.1111502632123e-02	 1.6708922271304e-04	 2.0386685733052e-05	 1.4186660330973e-04
-2.0734511513693e-02	 1.6769778893838e-04	 2.0393237024381e-05	 1.4246861824374e-04
-2.0357520395262e-02	 1.6828392543532e-04	 2.0399685663832e-05	 1.4304830610123e-04
-1.9980529276831e-02	 1.6884831754891e-04	 2.0406042913987e-05	 1.4360634096466e-04
-1.9603538158400e-02	 1.6939179978151e-04	 2.0412320759065e-05	 1.4414354535219e-04
-1.9226547039970e-02	 1.6991535128788e-04	 2.0418531866356e-05	 1.4466088575127e-04
-1.8849555921539e-02	 1.7042009077274e-04	 2.0424689543928e-05	 1.4515946755855e-04
-1.8472564803108e-02	 1.7090727063503e-04	 2.0430807694753e-05	 1.4564052927002e-04
-1.8095573684677e-02	 1.7137827047933e-04	 2.0436900767418e-05	 1.4610543604165e-04
-1.7718582566246e-02	 1.7183458997698e-04	 2.0442983703586e-05	 1.4655567260313e-04
-1.7341591447816e-02	 1.7227784111719e-04	 2.0449071882418e-05	 1.4699283556452e-04
-1.6964600329385e-02	 1.7270973989340e-04	 2.0455181062152e-05	 1.4741862516099e-04
-1.6587609210954e-02	 1.7313209738336e-04	 2.0461327319079e-05	 1.4783483639402e-04
-1.6210618092523e-02	 1.7354681037217e-04	 2.0467526984162e-05	 1.4824334971775e-04
-1.5833626974093e-02	 1.7395585148957e-04	 2.0473796577543e-05	 1.4864612124177e-04
-1.5456635855662e-02	 1.7436125889620e-04	 2.0480152741231e-05	 1.4904517248471e-04
-1.5079644737231e-02	 1.7476512558042e-04	 2.0486612170236e-05	 1.4944257973992e-04
-1.4702653618800e-02	 1.7516958837285e-04	 2.0493191542459e-05	 1.4984046316013e-04
-1.4325662500369e-02	 1.7557681660399e-04	 2.0499907447629e-05	 1.5024097548610e-04
-1.3948671381939e-02	 1.7598900053615e-04	 2.0506776315614e-05	 1.5064629055028e-04
-1.3571680263508e-02	 1.7640833964445e-04	 2.0513814344408e-05	 1.5105859162978e-04
-1.3194689145077e-02	 1.7683703073445e-04	 2.0521037428137e-05	 1.5148005963606e-04
-1.2817698026646e-02	 1.7727725598261e-04	 2.0528461085395e-05	 1.5191286122695e-04
-1.2440706908216e-02	 1.7773117095366e-04	 2.0536100388247e-05	 1.5235913689515e-04
-1.2063715789785e-02	 1.7820089271363e-04	 2.0543969892225e-05	 1.5282098915115e-04
-1.1686724671354e-02	 1.7868848792309e-04	 2.0552083567652e-05	 1.5330047068518e-04
-1.1309733552923e-02	 1.7919596116160e-04	 2.0560454732606e-05	 1.5379957275874e-04
-1.0932742434492e-02	 1.7972524347201e-04	 2.0569095987861e-05	 1.5432021381390e-04
-1.0555751316062e-02	 1.8027818107342e-04	 2.0578019154099e-05	 1.5486422824906e-04
-1.0178760197631e-02	 1.8085652451526e-04	 2.0587235211724e-05	 1.5543335563328e-04
-9.8017690792002e-03	 1.8146191809335e-04	 2.0596754243546e-05	 1.5602923017954e-04
-9.4247779607694e-03	 1.8209588976293e-04	 2.0606585380654e-05	 1.5665337071202e-04
-9.0477868423386e-03	 1.8275984148875e-04	 2.0616736751725e-05	 1.5730717106677e-04
-8.6707957239078e-03	 1.8345504015799e-04	 2.0627215436037e-05	 1.5799189105170e-04
-8.2938046054771e-03	 1.8418260900716e-04	 2.0638027420450e-05	 1.5870864791645e-04
-7.9168134870463e-03	 1.8494351974853e-04	 2.0649177560553e-05	 1.5945840851772e-04
-7.5398223686155e-03	 1.8573858526015e-04	 2.0660669546216e-05	 1.6024198204367e-04
-7.1628312501847e-03	 1.8656845307432e-04	 2.0672505871727e-05	 1.6106001353233e-04
-6.7858401317540e-03	 1.8743359953019e-04	 2.0684687810690e-05	 1.6191297804924e-04
-6.4088490133232e-03	 1.8833432471114e-04	 2.0697215395840e-05	 1.6280117564504e-04
-6.0318578948924e-03	 1.8927074815243e-04	 2.0710087403907e-05	 1.6372472707826e-04
-5.6548667764616e-03	 1.9024280547263e-04	 2.0723301345635e-05	 1.6468357045674e-04
-5.2778756580309e-03	 1.9125024572694e-04	 2.0736853461044e-05	 1.6567745859564e-04
-4.9008845396001e-03	 1.9229262970253e-04	 2.0750738720001e-05	 1.6670595731227e-04
-4.5238934211693e-03	 1.9336932900001e-04	 2.0764950828138e-05	 1.6776844450161e-04
-4.1469023027385e-03	 1.9447952613881e-04	 2.0779482238124e-05	 1.6886411023043e-04
-3.7699111843078e-03	 1.9562221541783e-04	 2.0794324166298e-05	 1.6999195758127e-04
-3.3929200658770e-03	 1.9679620474282e-04	 2.0809466614605e-05	 1.7115080445795e-04
-3.0159289474462e-03	 1.9800011830988e-04	 2.0824898397797e-05	 1.7233928624183e-04
-2.6389378290154e-03	 1.9923240018371e-04	 2.0840607175800e-05	 1.7355585933765e-04
-2.2619467105847e-03	 2.0049131875963e-04	 2.0856579491138e-05	 1.7479880559823e-04
-1.8849555921539e-03	 2.0177497202640e-04	 2.0872800811296e-05	 1.7606623754485e-04
-1.5079644737231e-03	 2.0308129369212e-04	 2.0889255575835e-05	 1.7735610444602e-04
-1.1309733552923e-03	 2.0440806012363e-04	 2.0905927248114e-05	 1.7866619920526e-04
-7.5398223686155e-04	 2.0575289809138e-04	 2.0922798371381e-05	 1.7999416604975e-04
-3.7699111843078e-04	 2.0711329315470e-04	 2.0939850629033e-05	 1.8133750885541e-04
 0.0000000000000e+00	 2.0848659887482e-04	 2.0957064908790e-05	 1.8269360029577e-04
 3.7699111843078e-04	 2.0987004662851e-04	 2.0974421370512e-05	 1.8405969158775e-04
 7.5398223686155e-04	 2.1126075605352e-04	 2.0991899517382e-05	 1.8543292286588e-04
 1.1309733552923e-03	 2.1265574612119e-04	 2.1009478270156e-05	 1.8681033418078e-04
 1.5079644737231e-03	 2.1405194668466e-04	 2.1027136044151e-05	 1.8818887697025e-04
 1.8849555921539e-03	 2.1544621049227e-04	 2.1044850828655e-05	 1.8956542599335e-04
 2.2619467105847e-03	 2.1683532569763e-04	 2.1062600268405e-05	 1.9093679175897e-04
 2.6389378290154e-03	 2.1821602866356e-04	 2.1080361746774e-05	 1.9229973324653e-04
 3.0159289474462e-03	 2.1958501711025e-04	 2.1098112470313e-05	 1.9365097096968e-04
 3.3929200658770e-03	 2.2093896347544e-04	 2.1115829554276e-05	 1.9498720025091e-04
 3.7699111843078e-03	 2.2227452852965e-04	 2.1133490108735e-05	 1.9630510475066e-04
 4.1469023027385e-03	 2.2358837500431e-04	 2.1151071324922e-05	 1.9760137000913e-04
 4.5238934211693e-03	 2.2487718134504e-04	 2.1168550561401e-05	 1.9887269711338e-04
 4.9008845396001e-03	 2.2613765547364e-04	 2.1185905429693e-05	 2.0011581637369e-04
 5.2778756580309e-03	 2.2736654845885e-04	 2.1203113878972e-05	 2.0132750090962e-04
 5.6548667764616e-03	 2.2856066794087e-04	 2.1220154279450e-05	 2.0250457999116e-04
 6.0318578948924e-03	 2.2971689157392e-04	 2.1237005504082e-05	 2.0364395239958e-04
 6.4088490133232e-03	 2.3083218005101e-04	 2.1253647008225e-05	 2.0474259937253e-04
 6.7858401317540e-03	 2.3190358978267e-04	 2.1270058906896e-05	 2.0579759720551e-04
 7.1628312501847e-03	 2.3292828535263e-04	 2.1286222049286e-05	 2.0680612963309e-04
 7.5398223686155e-03	 2.3390355128462e-04	 2.1302118090193e-05	 2.0776549952417e-04
 7.9168134870463e-03	 2.3482680360519e-04	 2.1317729558060e-05	 2.0867314037687e-04
 8.2938046054771e-03	 2.3569560057328e-04	 2.1333039919325e-05	 2.0952662698370e-04
 8.6707957239078e-03	 2.3650765300999e-04	 2.1348033638781e-05	 2.1032368570095e-04
 9.0477868423386e-03	 2.3726083386157e-04	 2.1362696235698e-05	 2.1106220395561e-04
 9.4247779607694e-03	 2.3795318709348e-04	 2.1377014335453e-05	 2.1174023908777e-04
 9.8017690792002e-03	 2.3858293588398e-04	 2.1390975716450e-05	 2.1235602649727e-04
 1.0178760197631e-02	 2.3914848999298e-04	 2.1404569352120e-05	 2.1290798697060e-04
 1.0555751316062e-02	 2.3964845231513e-04	 2.1417785447833e-05	 2.1339473319704e-04
 1.0932742434492e-02	 2.4008162466791e-04	 2.1430615472563e-05	 2.1381507552509e-04
 1.1309733552923e-02	 2.4044701259389e-04	 2.1443052185178e-05	 2.1416802673846e-04
 1.1686724671354e-02	 2.4074382939652e-04	 2.1455089655245e-05	 2.1445280607102e-04
 1.2063715789785e-02	 2.4097149917775e-04	 2.1466723278288e-05	 2.1466884222920e-04
 1.2440706908216e-02	 2.4112965902250e-04	 2.1477949785430e-05	 2.1481577556681e-04
 1.2817698026646e-02	 2.4121816022125e-04	 2.1488767247402e-05	 2.1489345930359e-04
 1.3194689145077e-02	 2.4123706853642e-04	 2.1499175072924e-05	 2.1490195979323e-04
 1.3571680263508e-02	 2.4118666365146e-04	 2.1509174001476e-05	 2.1484155597973e-04
 1.3948671381939e-02	 2.4106743753918e-04	 2.1518766090519e-05	 2.1471273777840e-04
 1.4325662500369e-02	 2.4088009205524e-04	 2.1527954697254e-05	 2.1451620368773e-04
 1.4702653618800e-02	 2.4062553558006e-04	 2.1536744455001e-05	 2.1425285745480e-04
 1.5079644737231e-02	 2.4030487875762e-04	 2.1545141244365e-05	 2.1392380384300e-04
 1.5456635855662e-02	 2.3991942943217e-04	 2.1553152159302e-05	 2.1353034360261e-04
 1.5833626974093e-02	 2.3947068671753e-04	 2.1560785468302e-05	 2.1307396757897e-04
 1.6210618092523e-02	 2.3896033430059e-04	 2.1568050570872e-05	 2.1255635005946e-04
 1.6587609210954e-02	 2.3839023302317e-04	 2.1574957949536e-05	 2.1197934140338e-04
 1.6964600329385e-02	 2.3776241258912e-04	 2.1581519117618e-05	 2.1134495980124e-04
 1.7341591447816e-02	 2.3707906284153e-04	 2.1587746563049e-05	 2.1065538260823e-04
 1.7718582566246e-02	 2.3634252417170e-04	 2.1593653688499e-05	 2.0991293681294e-04
 1.8095573684677e-02	 2.3555527756090e-04	 2.1599254748112e-05	 2.0912008914253e-04
 1.8472564803108e-02	 2.3471993392551e-04	 2.1604564781178e-05	 2.0827943547408e-04
 1.8849555921539e-02	 2.3383922306566e-04	 2.1609599543058e-05	 2.0739368985234e-04
 1.9226547039970e-02	 2.3291598224338e-04	 2.1614375433699e-05	 2.0646567313942e-04
 1.9603538158400e-02	 2.3195314431953e-04	 2.1618909424092e-05	 2.0549830122518e-04
 1.9980529276831e-02	 2.3095372565927e-04	 2.1623218981036e-05	 2.0449457300797e-04
 2.0357520395262e-02	 2.2992081375197e-04	 2.1627321990562e-05	 2.0345755809115e-04
 2.0734511513693e-02	 2.2885755474661e-04	 2.1631236680393e-05	 2.0239038439596e-04
 2.1111502632123e-02	 2.2776714078292e-04	 2.1634981541804e-05	 2.0129622557086e-04
 2.1488493750554e-02	 2.2665279738272e-04	 2.1638575251266e-05	 2.0017828846119e-04
 2.1865484868985e-02	 2.2551777070971e-04	 2.1642036592235e-05	 1.9903980044722e-04
 2.2242475987416e-02	 2.2436531510949e-04	 2.1645384377460e-05	 1.9788399706178e-04
 2.2619467105847e-02	 2.2319868065640e-04	 2.1648637372168e-05	 1.9671410961397e-04
 2.2996458224277e-02	 2.2202110096063e-04	 2.1651814218494e-05	 1.9553335307188e-04
 2.3373449342708e-02	 2.2083578120977e-04	 2.1654933361491e-05	 1.9434491417802e-04
 2.3750440461139e-02	 2.1964588658495e-04	 2.1658012977060e-05	 1.9315193993763e-04
 2.4127431579570e-02	 2.1845453105034e-04	 2.1661070902142e-05	 1.9195752647794e-04
 2.4504422698000e-02	 2.1726476654431e-04	 2.1664124567459e-05	 1.9076470830659e-04
 2.4881413816431e-02	 2.1607957268420e-04	 2.1667190933119e-05	 1.8957644808082e-04
 2.5258404934862e-02	 2.1490184705378e-04	 2.1670286427361e-05	 1.8839562695616e-04
 2.5635396053293e-02	 2.1373439592390e-04	 2.1673426888697e-05	 1.8722503536495e-04
 2.6012387171723e-02	 2.1257992583161e-04	 2.1676627511694e-05	 1.8606736464966e-04
 2.6389378290154e-02	 2.1144103559594e-04	 2.1679902796638e-05	 1.8492519912905e-04
 2.6766369408585e-02	 2.1032020920242e-04	 2.1683266503240e-05	 1.8380100902893e-04
 2.7143360527016e-02	 2.0921980928163e-04	 2.1686731608608e-05	 1.8269714400276e-04
 2.7520351645447e-02	 2.0814207147771e-04	 2.1690310269610e-05	 1.8161582753784e-04
 2.7897342763877e-02	 2.0708909948999e-04	 2.1694013789765e-05	 1.8055915202997e-04
 2.8274333882308e-02	 2.0606286095958e-04	 2.1697852590787e-05	 1.7952907469854e-04
 2.8651325000739e-02	 2.0506518420907e-04	 2.1701836188835e-05	 1.7852741434998e-04
 2.9028316119170e-02	 2.0409775569530e-04	 2.1705973175558e-05	 1.7755584884949e-04
 2.9405307237600e-02	 2.0316211840444e-04	 2.1710271203944e-05	 1.7661591353024e-04
 2.9782298356031e-02	 2.0225967103236e-04	 2.1714736978995e-05	 1.7570900038311e-04
 3.0159289474462e-02	 2.0139166797640e-04	 2.1719376253208e-05	 1.7483635805293e-04
 3.0536280592893e-02	 2.0055922014967e-04	 2.1724193826825e-05	 1.7399909265259e-04
 3.0913271711324e-02	 1.9976329663945e-04	 2.1729193552779e-05	 1.7319816941641e-04
 3.1290262829754e-02	 1.9900472711602e-04	 2.1734378346257e-05	 1.7243441509951e-04
 3.1667253948185e-02	 1.9828420501137e-04	 2.1739750198770e-05	 1.7170852114234e-04
 3.2044245066616e-02	 1.9760229149330e-04	 2.1745310196588e-05	 1.7102104762645e-04
 3.2421236185047e-02	 1.9695942005423e-04	 2.1751058543403e-05	 1.7037242784057e-04
 3.2798227303477e-02	 1.9635590190630e-04	 2.1756994587033e-05	 1.6976297364901e-04
 3.3175218421908e-02	 1.9579193192983e-04	 2.1763116849978e-05	 1.6919288140960e-04
 3.3552209540339e-02	 1.9526759531203e-04	 2.1769423063630e-05	 1.6866223857814e-04
 3.3929200658770e-02	 1.9478287462655e-04	 2.1775910205894e-05	 1.6817103075040e-04
 3.4306191777201e-02	 1.9433765761930e-04	 2.1782574541990e-05	 1.6771914940705e-04
 3.4683182895631e-02	 1.9393174527833e-04	 2.1789411668180e-05	 1.6730639993989e-04
 3.5060174014062e-02	 1.9356486048042e-04	 2.1796416558144e-05	 1.6693251025202e-04
 3.5437165132493e-02	 1.9323665693550e-04	 2.1803583611741e-05	 1.6659713965350e-04
 3.5814156250924e-02	 1.9294672845748e-04	 2.1810906705856e-05	 1.6629988808137e-04
 3.6191147369354e-02	 1.9269461851327e-04	 2.1818379247038e-05	 1.6604030559597e-04
 3.6568138487785e-02	 1.9247983001567e-04	 2.1825994225636e-05	 1.6581790211978e-04
 3.6945129606216e-02	 1.9230183518390e-04	 2.1833744271117e-05	 1.6563215724252e-04
 3.7322120724647e-02	 1.9216008559239e-04	 2.1841621708264e-05	 1.6548253021387e-04
 3.7699111843078e-02	 1.9205402223582e-04	 2.1849618613935e-05	 1.6536846995163e-04
 3.8076102961508e-02	 1.9198308548677e-04	 2.1857726874085e-05	 1.6528942494243e-04
 3.8453094079939e-02	 1.9194672518750e-04	 2.1865938240728e-05	 1.6524485327651e-04
 3.8830085198370e-02	 1.9194441034734e-04	 2.1874244388547e-05	 1.6523423228854e-04
 3.9207076316801e-02	 1.9197563890175e-04	 2.1882636970840e-05	 1.6525706826065e-04
 3.9584067435231e-02	 1.9203994705365e-04	 2.1891107674528e-05	 1.6531290570887e-04
 3.9961058553662e-02	 1.9213691846127e-04	 2.1899648273909e-05	 1.6540133651710e-04
 4.0338049672093e-02	 1.9226619297847e-04	 2.1908250682921e-05	 1.6552200862530e-04
 4.0715040790524e-02	 1.9242747507718e-04	 2.1916907005609e-05	 1.6567463440131e-04
 4.1092031908954e-02	 1.9262054185084e-04	 2.1925609584583e-05	 1.6585899859600e-04
 4.1469023027385e-02	 1.9284525048183e-04	 2.1934351047195e-05	 1.6607496576437e-04
 4.1846014145816e-02	 1.9310154526540e-04	 2.1943124349236e-05	 1.6632248724591e-04
 4.2223005264247e-02	 1.9338946404784e-04	 2.1951922815923e-05	 1.6660160756166e-04
 4.2599996382678e-02	 1.9370914408708e-04	 2.1960740180010e-05	 1.6691247023681e-04
 4.2976987501108e-02	 1.9406082735013e-04	 2.1969570616823e-05	 1.6725532306305e-04
 4.3353978619539e-02	 1.9444486509823e-04	 2.1978408776081e-05	 1.6763052265190e-04
 4.3730969737970e-02	 1.9486172185861e-04	 2.1987249810362e-05	 1.6803853837799e-04
 4.4107960856401e-02	 1.9531197877426e-04	 2.1996089400098e-05	 1.6847995570390e-04
 4.4484951974831e-02	 1.9579633616701e-04	 2.2004923774997e-05	 1.6895547872176e-04
 4.4861943093262e-02	 1.9631561541115e-04	 2.2013749731830e-05	 1.6946593200906e-04
 4.5238934211693e-02	 1.9687076022803e-04	 2.2022564648508e-05	 1.7001226190927e-04
 4.5615925330124e-02	 1.9746283711178e-04	 2.2031366494431e-05	 1.7059553694709e-04
 4.5992916448555e-02	 1.9809303510782e-04	 2.2040153837093e-05	 1.7121694760047e-04
 4.6369907566985e-02	 1.9876266497965e-04	 2.2048925844937e-05	 1.7187780546446e-04
 4.6746898685416e-02	 1.9947315747027e-04	 2.2057682286502e-05	 1.7257954151351e-04
 4.7123889803847e-02	 2.0022606115588e-04	 2.2066423525901e-05	 1.7332370395973e-04
 4.7500880922278e-02	 2.0102303942282e-04	 2.2075150514700e-05	 1.7411195523787e-04
 4.7877872040708e-02	 2.0186586686249e-04	 2.2083864780278e-05	 1.7494606841195e-04
 4.8254863159139e-02	 2.0275642511875e-04	 2.2092568410776e-05	 1.7582792303772e-04
 4.8631854277570e-02	 2.0369669805958e-04	 2.2101264036757e-05	 1.7675950035256e-04
 4.9008845396001e-02	 2.0468876641766e-04	 2.2109954809705e-05	 1.7774287793770e-04
 4.9385836514432e-02	 2.0573480190465e-04	 2.2118644377527e-05	 1.7878022385687e-04
 4.9762827632862e-02	 2.0683706085239e-04	 2.2127336857223e-05	 1.7987379032491e-04
 5.0139818751293e-02	 2.0799787735711e-04	 2.2136036804890e-05	 1.8102590688196e-04
 5.0516809869724e-02	 2.0921965606677e-04	 2.2144749183280e-05	 1.8223897321323e-04
 5.0893800988155e-02	 2.1050486454239e-04	 2.2153479327089e-05	 1.8351545154505e-04
 5.1270792106585e-02	 2.1185602532536e-04	 2.2162232906213e-05	 1.8485785874889e-04
 5.1647783225016e-02	 2.1327570772673e-04	 2.2171015887176e-05	 1.8626875816929e-04
 5.2024774343447e-02	 2.1476651938413e-04	 2.2179834492969e-05	 1.8775075122091e-04
 5.2401765461878e-02	 2.1633109762747e-04	 2.2188695161544e-05	 1.8930646879567e-04
 5.2778756580309e-02	 2.1797210068750e-04	 2.2197604503180e-05	 1.9093856251406e-04
 5.3155747698739e-02	 2.1969219887693e-04	 2.2206569256996e-05	 1.9264969594968e-04
 5.3532738817170e-02	 2.2149406566227e-04	 2.2215596246824e-05	 1.9444253574519e-04
 5.3909729935601e-02	 2.2338036885016e-04	 2.2224692336726e-05	 1.9631974284318e-04
 5.4286721054032e-02	 2.2535376171179e-04	 2.2233864386361e-05	 1.9828396365518e-04
 5.4663712172462e-02	 2.2741687428779e-04	 2.2243119206484e-05	 2.0033782141105e-04
 5.5040703290893e-02	 2.2957230488322e-04	 2.2252463514795e-05	 2.0248390769817e-04
 5.5417694409324e-02	 2.3182261168722e-04	 2.2261903892374e-05	 2.0472477412459e-04
 5.5794685527755e-02	 2.3417030470006e-04	 2.2271446740960e-05	 2.0706292428885e-04
 5.6171676646185e-02	 2.3661783794606e-04	 2.2281098241257e-05	 2.0950080603455e-04
 5.6548667764616e-02	 2.3916760193666e-04	 2.2290864312530e-05	 2.1204080395387e-04
 5.6925658883047e-02	 2.4182191668919e-04	 2.2300750573658e-05	 2.1468523244528e-04
 5.7302650001478e-02	 2.4458302494822e-04	 2.2310762305873e-05	 2.1743632897209e-04
 5.7679641119909e-02	 2.4745308598182e-04	 2.2320904417353e-05	 2.2029624789421e-04
 5.8056632238339e-02	 2.5043416985550e-04	 2.2331181409861e-05	 2.2326705477538e-04
 5.8433623356770e-02	 2.5352825207498e-04	 2.2341597347578e-05	 2.2635072105714e-04
 5.8810614475201e-02	 2.5673720896271e-04	 2.2352155828292e-05	 2.2954911946416e-04
 5.9187605593632e-02	 2.6006281341040e-04	 2.2362859957077e-05	 2.3286401978306e-04
 5.9564596712062e-02	 2.6350673129488e-04	 2.2373712322580e-05	 2.3629708530204e-04
 5.9941587830493e-02	 2.6707051850066e-04	 2.2384714976034e-05	 2.3984986985437e-04
 6.0318578948924e-02	 2.7075561847994e-04	 2.2395869413076e-05	 2.4352381539661e-04
 6.0695570067355e-02	 2.7456336044172e-04	 2.2407176558455e-05	 2.4732025021301e-04
 6.1072561185786e-02	 2.7849495823361e-04	 2.2418636753693e-05	 2.5124038780966e-04
 6.1449552304216e-02	 2.8255150972714e-04	 2.2430249747742e-05	 2.5528532630914e-04
 6.1826543422647e-02	 2.8673399696003e-04	 2.2442014690653e-05	 2.5945604859912e-04
 6.2203534541078e-02	 2.9104328673017e-04	 2.2453930130301e-05	 2.6375342292961e-04
 6.2580525659509e-02	 2.9548013203359e-04	 2.2465994012126e-05	 2.6817820435121e-04
 6.2957516777939e-02	 3.0004517385154e-04	 2.2478203681901e-05	 2.7273103649939e-04
 6.3334507896370e-02	 3.0473894373064e-04	 2.2490555891477e-05	 2.7741245416890e-04
 6.3711499014801e-02	 3.0956186681456e-04	 2.2503046807464e-05	 2.8222288633684e-04
 6.4088490133232e-02	 3.1451426549747e-04	 2.2515672022772e-05	 2.8716265980444e-04
 6.4465481251663e-02	 3.1959636357072e-04	 2.2528426570958e-05	 2.9223200332951e-04
 6.4842472370093e-02	 3.2480829091181e-04	 2.2541304943260e-05	 2.9743105229829e-04
 6.5219463488524e-02	 3.3015008864589e-04	 2.2554301108230e-05	 3.0275985386741e-04
 6.5596454606955e-02	 3.3562171472970e-04	 2.2567408533852e-05	 3.0821837252559e-04
 6.5973445725386e-02	 3.4122304997607e-04	 2.2580620212006e-05	 3.1380649609380e-04
 6.6350436843816e-02	 3.4695390453879e-04	 2.2593928685147e-05	 3.1952404218338e-04
 6.6727427962247e-02	 3.5281402462457e-04	 2.2607326075049e-05	 3.2537076487926e-04
 6.7104419080678e-02	 3.5880309960191e-04	 2.2620804113461e-05	 3.3134636181820e-04
 6.7481410199109e-02	 3.6492076938619e-04	 2.2634354174501e-05	 3.3745048154143e-04
 6.7858401317540e-02	 3.7116663206031e-04	 2.2647967308626e-05	 3.4368273108143e-04
 6.8235392435970e-02	 3.7754025167400e-04	 2.2661634278004e-05	 3.5004268372574e-04
 6.8612383554401e-02	 3.8404116619558e-04	 2.2675345593081e-05	 3.5652988693224e-04
 6.8989374672832e-02	 3.9066889568522e-04	 2.2689091550195e-05	 3.6314387046477e-04
 6.9366365791263e-02	 3.9742295041841e-04	 2.2702862270011e-05	 3.6988415447814e-04
 6.9743356909693e-02	 4.0430283909811e-04	 2.2716647736615e-05	 3.7675025769124e-04
 7.0120348028124e-02	 4.1130807708617e-04	 2.2730437837049e-05	 3.8374170557887e-04
 7.0497339146555e-02	 4.1843819457552e-04	 2.2744222401128e-05	 3.9085803850414e-04
 7.0874330264986e-02	 4.2569274467306e-04	 2.2757991241305e-05	 3.9809881976149e-04
 7.1251321383416e-02	 4.3307131137793e-04	 2.2771734192441e-05	 4.0546364351524e-04
 7.1628312501847e-02	 4.4057351733421e-04	 2.2785441151261e-05	 4.1295214251269e-04
 7.2005303620278e-02	 4.4819903154854e-04	 2.2799102115329e-05	 4.2056399576296e-04
 7.2382294738709e-02	 4.5594757666951e-04	 2.2812707221362e-05	 4.2829893577789e-04
 7.2759285857140e-02	 4.6381893615393e-04	 2.2826246782707e-05	 4.3615675570097e-04
 7.3136276975570e-02	 4.7181296111001e-04	 2.2839711325826e-05	 4.4413731611392e-04
 7.3513268094001e-02	 4.7992957673055e-04	 2.2853091625621e-05	 4.5224055143467e-04
 7.3890259212432e-02	 4.8816878847793e-04	 2.2866378739441e-05	 4.6046647606823e-04
 7.4267250330863e-02	 4.9653068787253e-04	 2.2879564039658e-05	 4.6881519016262e-04
 7.4644241449293e-02	 5.0501545775983e-04	 2.2892639244637e-05	 4.7728688484494e-04
 7.5021232567724e-02	 5.1362337737555e-04	 2.2905596448006e-05	 4.8588184725729e-04
 7.5398223686155e-02	 5.2235482672193e-04	 2.2918428146106e-05	 4.9460046490557e-04
 7.5775214804586e-02	 5.3121029067159e-04	 2.2931127263500e-05	 5.0344322973783e-04
 7.6152205923017e-02	 5.4019036249427e-04	 2.2943687176470e-05	 5.1241074164754e-04
 7.6529197041447e-02	 5.4929574695878e-04	 2.2956101734397e-05	 5.2150371155413e-04
 7.6906188159878e-02	 5.5852726291285e-04	 2.2968365278976e-05	 5.3072296396361e-04
 7.7283179278309e-02	 5.6788584537138e-04	 2.2980472661178e-05	 5.4006943903995e-04
 7.7660170396740e-02	 5.7737254706807e-04	 2.2992419255935e-05	 5.4954419414188e-04
 7.8037161515170e-02	 5.8698853961759e-04	 2.3004200974493e-05	 5.5914840497284e-04
 7.8414152633601e-02	 5.9673511401409e-04	 2.3015814274418e-05	 5.6888336606942e-04
 7.8791143752032e-02	 6.0661368075354e-04	 2.3027256167231e-05	 5.7875049091605e-04
 7.9168134870463e-02	 6.1662576946737e-04	 2.3038524223682e-05	 5.8875131157343e-04
 7.9545125988894e-02	 6.2677302797454e-04	 2.3049616576653e-05	 5.9888747772763e-04
 7.9922117107324e-02	 6.3705722097952e-04	 2.3060531921730e-05	 6.0916075538753e-04
 8.0299108225755e-02	 6.4748022825459e-04	 2.3071269515460e-05	 6.1957302506888e-04
 8.0676099344186e-02	 6.5804404237577e-04	 2.3081829171334e-05	 6.3012627953418e-04
 8.1053090462617e-02	 6.6875076605878e-04	 2.3092211253563e-05	 6.4082262113496e-04
 8.1430081581047e-02	 6.7960260911666e-04	 2.3102416668683e-05	 6.5166425877772e-04
 8.1807072699478e-02	 6.9060188496917e-04	 2.3112446855085e-05	 6.6265350444383e-04
 8.2184063817909e-02	 7.0175100685249e-04	 2.3122303770525e-05	 6.7379276941171e-04
 8.2561054936340e-02	 7.1305248366594e-04	 2.3131989877725e-05	 6.8508456011795e-04
 8.2938046054771e-02	 7.2450891551957e-04	 2.3141508128139e-05	 6.9653147372117e-04
 8.3315037173201e-02	 7.3612298896545e-04	 2.3150861944003e-05	 7.0813619335119e-04
 8.3692028291632e-02	 7.4789747205470e-04	 2.3160055198766e-05	 7.1990148318568e-04
 8.4069019410063e-02	 7.5983520906428e-04	 2.3169092196025e-05	 7.3183018319800e-04
 8.4446010528494e-02	 7.7193911509009e-04	 2.3177977647078e-05	 7.4392520377276e-04
 8.4823001646924e-02	 7.8421217046715e-04	 2.3186716647228e-05	 7.5618952014966e-04
 8.5199992765355e-02	 7.9665741502624e-04	 2.3195314650950e-05	 7.6862616670503e-04
 8.5576983883786e-02	 8.0927794224674e-04	 2.3203777446070e-05	 7.8123823113041e-04
 8.5953975002217e-02	 8.2207689334230e-04	 2.3212111127083e-05	 7.9402884854496e-04
 8.6330966120648e-02	 8.3505745127267e-04	 2.3220322067738e-05	 8.0700119553467e-04
 8.6707957239078e-02	 8.4822283479485e-04	 2.3228416893036e-05	 8.2015848423156e-04
 8.7084948357509e-02	 8.6157629236840e-04	 2.3236402450771e-05	 8.3350395624737e-04
 8.7461939475940e-02	 8.7512109633904e-04	 2.3244285782756e-05	 8.4704087688603e-04
 8.7838930594371e-02	 8.8886053694616e-04	 2.3252074095856e-05	 8.6077252918004e-04
 8.8215921712801e-02	 9.0279791655712e-04	 2.3259774732976e-05	 8.7470220815389e-04
 8.8592912831232e-02	 9.1693654398413e-04	 2.3267395144120e-05	 8.8883321516975e-04
 8.8969903949663e-02	 9.3127972895139e-04	 2.3274942857660e-05	 9.0316885242347e-04
 8.9346895068094e-02	 9.4583077664089e-04	 2.3282425451929e-05	 9.1771241751870e-04
 8.9723886186524e-02	 9.6059298259187e-04	 2.3289850527259e-05	 9.3246719839435e-04
 9.0100877304955e-02	 9.7556962762817e-04	 2.3297225678584e-05	 9.4743646827933e-04
 9.0477868423386e-02	 9.9076397311938e-04	 2.3304558468708e-05	 9.6262348098042e-04
 9.0854859541817e-02	 1.0061792564459e-03	 2.3311856402351e-05	 9.7803146637332e-04
 9.1231850660248e-02	 1.0218186867294e-03	 2.3319126901062e-05	 9.9366362615805e-04
 9.1608841778678e-02	 1.0376854408398e-03	 2.3326377279097e-05	 1.0095231298904e-03
 9.1985832897109e-02	 1.0537826596596e-03	 2.3333614720347e-05	 1.0256131112690e-03
 9.2362824015540e-02	 1.0701134446701e-03	 2.3340846256381e-05	 1.0419366647435e-03
 9.2739815133971e-02	 1.0866808548435e-03	 2.3348078745700e-05	 1.0584968424275e-03
 9.3116806252401e-02	 1.1034879038502e-03	 2.3355318854237e-05	 1.0752966513257e-03
 9.3493797370832e-02	 1.1205375575276e-03	 2.3362573037185e-05	 1.0923390508202e-03
 9.3870788489263e-02	 1.1378327317540e-03	 2.3369847522178e-05	 1.1096269505616e-03
 9.4247779607694e-02	 1.1553762905817e-03	 2.3377148293894e-05	 1.1271632086175e-03
 9.4624770726125e-02	 1.1731710447399e-03	 2.3384481080082e-05	 1.1449506299895e-03
 9.5001761844555e-02	 1.1912197504220e-03	 2.3391851339069e-05	 1.1629919654127e-03
 9.5378752962986e-02	 1.2095251084082e-03	 2.3399264248744e-05	 1.1812899104892e-03
 9.5755744081417e-02	 1.2280897634775e-03	 2.3406724697046e-05	 1.1998471051102e-03
 9.6132735199848e-02	 1.2469163042104e-03	 2.3414237273949e-05	 1.2186661332662e-03
 9.6509726318278e-02	 1.2660072630043e-03	 2.3421806264947e-05	 1.2377495230691e-03
 9.6886717436709e-02	 1.2853651163897e-03	 2.3429435646026e-05	 1.2570997470734e-03
 9.7263708555140e-02	 1.3049922856891e-03	 2.3437129080113e-05	 1.2767192229387e-03
 9.7640699673571e-02	 1.3248911379309e-03	 2.3444889914967e-05	 1.2966103143457e-03
 9.8017690792002e-02	 1.3450639869123e-03	 2.3452721182493e-05	 1.3167753320595e-03
 9.8394681910432e-02	 1.3655130947252e-03	 2.3460625599442e-05	 1.3372165354555e-03
 9.8771673028863e-02	 1.3862406732812e-03	 2.3468605569446e-05	 1.3579361340414e-03
 9.9148664147294e-02	 1.4072488862335e-03	 2.3476663186357e-05	 1.3789362893769e-03
 9.9525655265725e-02	 1.4285398509961e-03	 2.3484800238823e-05	 1.4002191170870e-03
 9.9902646384155e-02	 1.4501156409437e-03	 2.3493018216056e-05	 1.4217866890573e-03
 1.0027963750259e-01	 1.4719782879197e-03	 2.3501318314723e-05	 1.4436410359348e-03
 1.0065662862102e-01	 1.4941297846612e-03	 2.3509701446900e-05	 1.4657841495440e-03
 1.0103361973945e-01	 1.5165720875784e-03	 2.3518168249016e-05	 1.4882179856591e-03
 1.0141061085788e-01	 1.5393071194988e-03	 2.3526719091725e-05	 1.5109444667368e-03
 1.0178760197631e-01	 1.5623367726103e-03	 2.3535354090617e-05	 1.5339654848494e-03
 1.0216459309474e-01	 1.5856629113751e-03	 2.3544073117701e-05	 1.5572829045871e-03
 1.0254158421317e-01	 1.6092873756327e-03	 2.3552875813582e-05	 1.5808985661488e-03
 1.0291857533160e-01	 1.6332119836436e-03	 2.3561761600247e-05	 1.6048142883731e-03
 1.0329556645003e-01	 1.6574385351728e-03	 2.3570729694381e-05	 1.6290318718082e-03
 1.0367255756846e-01	 1.6819688146554e-03	 2.3579779121130e-05	 1.6535531018640e-03
 1.0404954868689e-01	 1.7068045942613e-03	 2.3588908728232e-05	 1.6783797518628e-03
 1.0442653980532e-01	 1.7319476369849e-03	 2.3598117200437e-05	 1.7035135861142e-03
 1.0480353092376e-01	 1.7573996997146e-03	 2.3607403074117e-05	 1.7289563629702e-03
 1.0518052204219e-01	 1.7831625361807e-03	 2.3616764752020e-05	 1.7547098377584e-03
 1.0555751316062e-01	 1.8092378998865e-03	 2.3626200518051e-05	 1.7807757656982e-03
 1.0593450427905e-01	 1.8356275469283e-03	 2.3635708552037e-05	 1.8071559047060e-03
 1.0631149539748e-01	 1.8623332388296e-03	 2.3645286944377e-05	 1.8338520182150e-03
 1.0668848651591e-01	 1.8893567450294e-03	 2.3654933710523e-05	 1.8608658776487e-03
 1.0706547763434e-01	 1.9166998455368e-03	 2.3664646805212e-05	 1.8881992650613e-03
 1.0744246875277e-01	 1.9443643332351e-03	 2.3674424136392e-05	 1.9158539754285e-03
 1.0781945987120e-01	 1.9723520162159e-03	 2.3684263578772e-05	 1.9438318189668e-03
 1.0819645098963e-01	 2.0006647198124e-03	 2.3694162986944e-05	 1.9721346231552e-03
 1.0857344210806e-01	 2.0293042886590e-03	 2.3704120208021e-05	 2.0007642347807e-03
 1.0895043322649e-01	 2.0582725884332e-03	 2.3714133093742e-05	 2.0297225216692e-03
 1.0932742434492e-01	 2.0875715075435e-03	 2.3724199511994e-05	 2.0590113743613e-03
 1.0970441546336e-01	 2.1172029586296e-03	 2.3734317357717e-05	 2.0886327076016e-03
 1.1008140658179e-01	 2.1471688798699e-03	 2.3744484563147e-05	 2.1185884616365e-03
 1.1045839770022e-01	 2.1774712361431e-03	 2.3754699107372e-05	 2.1488806033655e-03
 1.1083538881865e-01	 2.2081120200458e-03	 2.3764959025173e-05	 2.1795111273504e-03
 1.1121237993708e-01	 2.2390932526641e-03	 2.3775262415120e-05	 2.2104820565787e-03
 1.1158937105551e-01	 2.2704169843125e-03	 2.3785607446915e-05	 2.2417954431954e-03
 1.1196636217394e-01	 2.3020852949624e-03	 2.3795992367963e-05	 2.2734533689241e-03
 1.1234335329237e-01	 2.3341002945888e-03	 2.3806415509162e-05	 2.3054579454094e-03
 1.1272034441080e-01	 2.3664641234024e-03	 2.3816875289912e-05	 2.3378113144422e-03
 1.1309733552923e-01	 2.3991789518245e-03	 2.3827370222340e-05	 2.3705156479319e-03
 1.1347432664766e-01	 2.4322469803892e-03	 2.3837898914747e-05	 2.4035731478041e-03
 1.1385131776609e-01	 2.4656704394909e-03	 2.3848460074284e-05	 2.4369860457464e-03
 1.1422830888452e-01	 2.4994515889727e-03	 2.3859052508872e-05	 2.4707566027936e-03
 1.1460530000296e-01	 2.5335927176270e-03	 2.3869675128386e-05	 2.5048871088283e-03
 1.1498229112139e-01	 2.5680961425964e-03	 2.3880326945110e-05	 2.5393798819811e-03
 1.1535928223982e-01	 2.6029642085203e-03	 2.3891007073507e-05	 2.5742372677765e-03
 1.1573627335825e-01	 2.6381992868063e-03	 2.3901714729311e-05	 2.6094616384067e-03
 1.1611326447668e-01	 2.6738037746540e-03	 2.3912449227985e-05	 2.6450553917557e-03
 1.1649025559511e-01	 2.7097800939763e-03	 2.3923209982570e-05	 2.6810209503235e-03
 1.1686724671354e-01	 2.7461306903985e-03	 2.3933996500963e-05	 2.7173607602273e-03
 1.1724423783197e-01	 2.7828580319836e-03	 2.3944808382662e-05	 2.7540772899307e-03
 1.1762122895040e-01	 2.8199646081534e-03	 2.3955645315011e-05	 2.7911730291681e-03
 1.1799822006883e-01	 2.8574529282916e-03	 2.3966507069002e-05	 2.8286504875523e-03
 1.1837521118726e-01	 2.8953255205273e-03	 2.3977393494649e-05	 2.8665121933624e-03
 1.1875220230569e-01	 2.9335849304004e-03	 2.3988304516007e-05	 2.9047606922141e-03
 1.1912919342412e-01	 2.9722337195097e-03	 2.3999240125863e-05	 2.9433985457136e-03
 1.1950618454256e-01	 3.0112744641582e-03	 2.4010200380144e-05	 2.9824283301078e-03
 1.1988317566099e-01	 3.0507097540177e-03	 2.4021185392099e-05	 3.0218526349554e-03
 1.2026016677942e-01	 3.0905421907895e-03	 2.4032195326284e-05	 3.0616740617929e-03
 1.2063715789785e-01	 3.1307743868674e-03	 2.4043230392412e-05	 3.1018952228047e-03
 1.2101414901628e-01	 3.1714089640910e-03	 2.4054290839099e-05	 3.1425187395816e-03
 1.2139114013471e-01	 3.2124485524232e-03	 2.4065376947557e-05	 3.1835472418054e-03
 1.2176813125314e-01	 3.2538957887780e-03	 2.4076489025281e-05	 3.2249833660825e-03
 1.2214512237157e-01	 3.2957533158118e-03	 2.4087627399756e-05	 3.2668297547418e-03
 1.2252211349000e-01	 3.3380237808353e-03	 2.4098792412252e-05	 3.3090890547528e-03
 1.2289910460843e-01	 3.3807098347270e-03	 2.4109984411710e-05	 3.3517639166450e-03
 1.2327609572686e-01	 3.4238141309488e-03	 2.4121203748796e-05	 3.3948569935297e-03
 1.2365308684529e-01	 3.4673393245989e-03	 2.4132450770124e-05	 3.4383709401585e-03
 1.2403007796373e-01	 3.5112880715808e-03	 2.4143725812703e-05	 3.4823084120978e-03
 1.2440706908216e-01	 3.5556630277867e-03	 2.4155029198631e-05	 3.5266720649179e-03
 1.2478406020059e-01	 3.6004668484240e-03	 2.4166361230066e-05	 3.5714645535236e-03
 1.2516105131902e-01	 3.6457021873670e-03	 2.4177722184496e-05	 3.6166885315122e-03
 1.2553804243745e-01	 3.6913716966129e-03	 2.4189112310344e-05	 3.6623466506323e-03
 1.2591503355588e-01	 3.7374780258345e-03	 2.4200531822910e-05	 3.7084415603413e-03
 1.2629202467431e-01	 3.7840238219877e-03	 2.4211980900686e-05	 3.7549759074168e-03
 1.2666901579274e-01	 3.8310117290317e-03	 2.4223459682049e-05	 3.8019523356794e-03
 1.2704600691117e-01	 3.8784443876914e-03	 2.4234968262349e-05	 3.8493734857588e-03
 1.2742299802960e-01	 3.9263244353437e-03	 2.4246506691395e-05	 3.8972419949821e-03
 1.2779998914803e-01	 3.9746545059724e-03	 2.4258074971357e-05	 3.9455604973307e-03
 1.2817698026646e-01	 4.0234372301703e-03	 2.4269673055078e-05	 3.9943316234450e-03
 1.2855397138489e-01	 4.0726752352445e-03	 2.4281300844802e-05	 4.0435580007294e-03
 1.2893096250333e-01	 4.1223711453863e-03	 2.4292958191315e-05	 4.0932422535247e-03
 1.2930795362176e-01	 4.1725275819330e-03	 2.4304644893494e-05	 4.1433870033692e-03
 1.2968494474019e-01	 4.2231471636376e-03	 2.4316360698262e-05	 4.1939948692691e-03
 1.3006193585862e-01	 4.2742325070516e-03	 2.4328105300933e-05	 4.2450684680804e-03
 1.3043892697705e-01	 4.3257862269630e-03	 2.4339878345940e-05	 4.2966104149468e-03
 1.3081591809548e-01	 4.3778109368107e-03	 2.4351679427932e-05	 4.3486233237126e-03
 1.3119290921391e-01	 4.4303092492766e-03	 2.4363508093225e-05	 4.4011098075131e-03
 1.3156990033234e-01	 4.4832837767907e-03	 2.4375363841581e-05	 4.4540724792789e-03
 1.3194689145077e-01	 4.5367371321821e-03	 2.4387246128311e-05	 4.5075139523836e-03
 1.3232388256920e-01	 4.5906719292484e-03	 2.4399154366668e-05	 4.5614368412115e-03
 1.3270087368763e-01	 4.6450907834527e-03	 2.4411087930514e-05	 4.6158437618520e-03
 1.3307786480606e-01	 4.6999963125818e-03	 2.4423046157230e-05	 4.6707373327544e-03
 1.3345485592449e-01	 4.7553911374571e-03	 2.4435028350857e-05	 4.7261201754359e-03
 1.3383184704293e-01	 4.8112778826059e-03	 2.4447033785431e-05	 4.7819949151502e-03
 1.3420883816136e-01	 4.8676591770214e-03	 2.4459061708490e-05	 4.8383641816426e-03
 1.3458582927979e-01	 4.9245376547901e-03	 2.4471111344724e-05	 4.8952306097751e-03
 1.3496282039822e-01	 4.9819159558806e-03	 2.4483181899745e-05	 4.9525968403106e-03
 1.3533981151665e-01	 5.0397967267593e-03	 2.4495272563948e-05	 5.0104655205251e-03
 1.3571680263508e-01	 5.0981826211199e-03	 2.4507382516427e-05	 5.0688393049332e-03
 1.3609379375351e-01	 5.1570763005125e-03	 2.4519510928941e-05	 5.1277208559133e-03
 1.3647078487194e-01	 5.2164804349680e-03	 2.4531656969871e-05	 5.1871128443278e-03
 1.3684777599037e-01	 5.2763977036369e-03	 2.4543819808172e-05	 5.2470179501585e-03
 1.3722476710880e-01	 5.3368307953232e-03	 2.4555998617280e-05	 5.3074388630356e-03
 1.3760175822723e-01	 5.3977824090638e-03	 2.4568192578944e-05	 5.3683782828146e-03
 1.3797874934566e-01	 5.4592552545664e-03	 2.4580400886970e-05	 5.4298389200091e-03
 1.3835574046409e-01	 5.5212520527275e-03	 2.4592622750856e-05	 5.4918234963064e-03
 1.3873273158253e-01	 5.5837755360194e-03	 2.4604857399279e-05	 5.5543347449498e-03
 1.3910972270096e-01	 5.6468284488619e-03	 2.4617104083433e-05	 5.6173754111082e-03
 1.3948671381939e-01	 5.7104135479318e-03	 2.4629362080188e-05	 5.6809482521814e-03
 1.3986370493782e-01	 5.7745336024442e-03	 2.4641630695061e-05	 5.7450560380788e-03
 1.4024069605625e-01	 5.8391913943930e-03	 2.4653909264969e-05	 5.8097015514578e-03
 1.4061768717468e-01	 5.9043897186645e-03	 2.4666197160767e-05	 5.8748875878335e-03
 1.4099467829311e-01	 5.9701313832152e-03	 2.4678493789549e-05	 5.9406169557554e-03
 1.4137166941154e-01	 6.0364192090986e-03	 2.4690798596697e-05	 6.0068924768316e-03
 1.4174866052997e-01	 6.1032560304958e-03	 2.4703111067687e-05	 6.0737169857579e-03
 1.4212565164840e-01	 6.1706446946876e-03	 2.4715430729621e-05	 6.1410933302877e-03
 1.4250264276683e-01	 6.2385880619194e-03	 2.4727757152499e-05	 6.2090243710966e-03
 1.4287963388526e-01	 6.3070890053312e-03	 2.4740089950219e-05	 6.2775129817108e-03
 1.4325662500369e-01	 6.3761504107306e-03	 2.4752428781303e-05	 6.3465620482790e-03
 1.4363361612213e-01	 6.4457751763815e-03	 2.4764773349355e-05	 6.4161744693619e-03
 1.4401060724056e-01	 6.5159662127118e-03	 2.4777123403245e-05	 6.4863531556383e-03
 1.4438759835899e-01	 6.5867264420335e-03	 2.4789478737031e-05	 6.5571010296263e-03
 1.4476458947742e-01	 6.6580587981450e-03	 2.4801839189618e-05	 6.6284210252852e-03
 1.4514158059585e-01	 6.7299662259713e-03	 2.4814204644161e-05	 6.7003160876569e-03
 1.4551857171428e-01	 6.8024516811554e-03	 2.4826575027228e-05	 6.7727891724579e-03
 1.4589556283271e-01	 6.8755181295463e-03	 2.4838950307722e-05	 6.8458432455684e-03
 1.4627255395114e-01	 6.9491685467835e-03	 2.4851330495585e-05	 6.9194812826177e-03
 1.4664954506957e-01	 7.0234059177600e-03	 2.4863715640280e-05	 6.9937062684494e-03
 1.4702653618800e-01	 7.0982332360869e-03	 2.4876105829085e-05	 7.0685211965875e-03
 1.4740352730643e-01	 7.1736535035735e-03	 2.4888501185201e-05	 7.1439290687181e-03
 1.4778051842486e-01	 7.2496697296546e-03	 2.4900901865682e-05	 7.2199328941187e-03
 1.4815750954329e-01	 7.3262849308649e-03	 2.4913308059228e-05	 7.2965356891355e-03
 1.4853450066173e-01	 7.4035021301679e-03	 2.4925719983832e-05	 7.3737404765138e-03
 1.4891149178016e-01	 7.4813243564929e-03	 2.4938137884312e-05	 7.4515502849384e-03
 1.4928848289859e-01	 7.5597546440947e-03	 2.4950562029745e-05	 7.5299681483947e-03
 1.4966547401702e-01	 7.6387960319970e-03	 2.4962992710818e-05	 7.6089971056159e-03
 1.5004246513545e-01	 7.7184515634285e-03	 2.4975430237111e-05	 7.6886401995211e-03
 1.5041945625388e-01	 7.7987242852294e-03	 2.4987874934347e-05	 7.7689004766248e-03
 1.5079644737231e-01	 7.8796172474006e-03	 2.5000327141599e-05	 7.8497809865887e-03
 1.5117343849074e-01	 7.9611335024550e-03	 2.5012787208499e-05	 7.9312847815762e-03
 1.5155042960917e-01	 8.0432761050207e-03	 2.5025255492455e-05	 8.0134149158579e-03
 1.5192742072760e-01	 8.1260481112765e-03	 2.5037732355887e-05	 8.0961744452503e-03
 1.5230441184603e-01	 8.2094525785390e-03	 2.5050218163513e-05	 8.1795664267053e-03
 1.5268140296446e-01	 8.2934925647757e-03	 2.5062713279690e-05	 8.2635939178257e-03
 1.5305839408289e-01	 8.3781711282615e-03	 2.5075218065829e-05	 8.3482599765254e-03
 1.5343538520133e-01	 8.4634913271434e-03	 2.5087732877898e-05	 8.4335676605952e-03
 1.5381237631976e-01	 8.5494562191183e-03	 2.5100258064032e-05	 8.5195200273840e-03
 1.5418936743819e-01	 8.6360688610971e-03	 2.5112793962249e-05	 8.6061201334646e-03
 1.5456635855662e-01	 8.7233323089760e-03	 2.5125340898301e-05	 8.6933710344075e-03
 1.5494334967505e-01	 8.8112496173244e-03	 2.5137899183658e-05	 8.7812757844705e-03
 1.5532034079348e-01	 8.8998238392462e-03	 2.5150469113635e-05	 8.8698374364623e-03
 1.5569733191191e-01	 8.9890580261134e-03	 2.5163050965682e-05	 8.9590590414774e-03
 1.5607432303034e-01	 9.0789552275397e-03	 2.5175644997829e-05	 9.0489436488717e-03
 1.5645131414877e-01	 9.1695184911729e-03	 2.5188251447302e-05	 9.1394943060553e-03
 1.5682830526720e-01	 9.2607508627213e-03	 2.5200870529310e-05	 9.2307140585217e-03
 1.5720529638563e-01	 9.3526553858658e-03	 2.5213502436009e-05	 9.3226059497595e-03
 1.5758228750406e-01	 9.4452351022874e-03	 2.5226147335641e-05	 9.4151730212815e-03
 1.5795927862249e-01	 9.5384930516874e-03	 2.5238805371863e-05	 9.5084183126453e-03
 1.5833626974093e-01	 9.6324322719136e-03	 2.5251476663238e-05	 9.6023448615801e-03
 1.5871326085936e-01	 9.7270557989979e-03	 2.5264161302922e-05	 9.6969557040247e-03
 1.5909025197779e-01	 9.8223666673384e-03	 2.5276859358511e-05	 9.7922538743096e-03
 1.5946724309622e-01	 9.9183679098464e-03	 2.5289570872076e-05	 9.8882424053041e-03
 1.5984423421465e-01	 1.0015062558142e-02	 2.5302295860352e-05	 9.9849243286116e-03
 1.6022122533308e-01	 1.0112453642771e-02	 2.5315034315097e-05	 1.0082302674785e-02
 1.6059821645151e-01	 1.0210544193448e-02	 2.5327786203610e-05	 1.0180380473575e-02
 1.6097520756994e-01	 1.0309337239322e-02	 2.5340551469389e-05	 1.0279160754182e-02
 1.6135219868837e-01	 1.0408835809240e-02	 2.5353330032938e-05	 1.0378646545536e-02
 1.6172918980680e-01	 1.0509042932088e-02	 2.5366121792704e-05	 1.0478840876625e-02
 1.6210618092523e-01	 1.0609961637049e-02	 2.5378926626142e-05	 1.0579746776753e-02
 1.6248317204366e-01	 1.0711594953986e-02	 2.5391744390881e-05	 1.0681367275925e-02
 1.6286016316209e-01	 1.0813945913719e-02	 2.5404574926011e-05	 1.0783705405123e-02
 1.6323715428053e-01	 1.0917017548433e-02	 2.5417418053444e-05	 1.0886764196710e-02
 1.6361414539896e-01	 1.1020812891984e-02	 2.5430273579374e-05	 1.0990546684734e-02
 1.6399113651739e-01	 1.1125334980281e-02	 2.5443141295795e-05	 1.1095055905315e-02
 1.6436812763582e-01	 1.1230586851601e-02	 2.5456020982082e-05	 1.1200294896948e-02
 1.6474511875425e-01	 1.1336571547004e-02	 2.5468912406618e-05	 1.1306266700927e-02
 1.6512210987268e-01	 1.1443292110641e-02	 2.5481815328458e-05	 1.1412974361642e-02
 1.6549910099111e-01	 1.1550751590077e-02	 2.5494729499016e-05	 1.1520420926907e-02
 1.6587609210954e-01	 1.1658953036684e-02	 2.5507654663765e-05	 1.1628609448350e-02
 1.6625308322797e-01	 1.1767899505952e-02	 2.5520590563938e-05	 1.1737542981717e-02
 1.6663007434640e-01	 1.1877594057773e-02	 2.5533536938218e-05	 1.1847224587164e-02
 1.6700706546483e-01	 1.1988039756784e-02	 2.5546493524410e-05	 1.1957657329590e-02
 1.6738405658326e-01	 1.2099239672631e-02	 2.5559460061085e-05	 1.2068844278899e-02
 1.6776104770169e-01	 1.2211196880270e-02	 2.5572436289176e-05	 1.2180788510310e-02
 1.6813803882013e-01	 1.2323914460168e-02	 2.5585421953534e-05	 1.2293493104544e-02
 1.6851502993856e-01	 1.2437395498609e-02	 2.5598416804421e-05	 1.2406961148134e-02
 1.6889202105699e-01	 1.2551643087848e-02	 2.5611420598941e-05	 1.2521195733578e-02
 1.6926901217542e-01	 1.2666660326355e-02	 2.5624433102391e-05	 1.2636199959582e-02
 1.6964600329385e-01	 1.2782450318975e-02	 2.5637454089541e-05	 1.2751976931215e-02
 1.7002299441228e-01	 1.2899016177058e-02	 2.5650483345822e-05	 1.2868529760042e-02
 1.7039998553071e-01	 1.3016361018613e-02	 2.5663520668430e-05	 1.2985861564275e-02
 1.7077697664914e-01	 1.3134487968399e-02	 2.5676565867324e-05	 1.3103975468861e-02
 1.7115396776757e-01	 1.3253400158047e-02	 2.5689618766135e-05	 1.3222874605611e-02
 1.7153095888600e-01	 1.3373100726059e-02	 2.5702679202971e-05	 1.3342562113186e-02
 1.7190795000443e-01	 1.3493592817909e-02	 2.5715747031112e-05	 1.3463041137208e-02
 1.7228494112286e-01	 1.3614879586015e-02	 2.5728822119608e-05	 1.3584314830225e-02
 1.7266193224130e-01	 1.3736964189734e-02	 2.5741904353763e-05	 1.3706386351710e-02
 1.7303892335973e-01	 1.3859849795365e-02	 2.5754993635518e-05	 1.3829258868060e-02
 1.7341591447816e-01	 1.3983539576080e-02	 2.5768089883729e-05	 1.3952935552526e-02
 1.7379290559659e-01	 1.4108036711805e-02	 2.5781193034334e-05	 1.4077419585101e-02
 1.7416989671502e-01	 1.4233344389251e-02	 2.5794303040428e-05	 1.4202714152540e-02
 1.7454688783345e-01	 1.4359465801655e-02	 2.5807419872229e-05	 1.4328822448113e-02
 1.7492387895188e-01	 1.4486404148776e-02	 2.5820543516955e-05	 1.4455747671589e-02
 1.7530087007031e-01	 1.4614162636672e-02	 2.5833673978607e-05	 1.4583493029024e-02
 1.7567786118874e-01	 1.4742744477558e-02	 2.5846811277661e-05	 1.4712061732610e-02
 1.7605485230717e-01	 1.4872152889661e-02	 2.5859955450677e-05	 1.4841457000540e-02
 1.7643184342560e-01	 1.5002391096990e-02	 2.5873106549836e-05	 1.4971682056770e-02
 1.7680883454403e-01	 1.5133462329177e-02	 2.5886264642395e-05	 1.5102740130865e-02
 1.7718582566246e-01	 1.5265369821216e-02	 2.5899429810084e-05	 1.5234634457735e-02
 1.7756281678090e-01	 1.5398116813278e-02	 2.5912602148430e-05	 1.5367368277459e-02
 1.7793980789933e-01	 1.5531706550482e-02	 2.5925781766041e-05	 1.5500944835046e-02
 1.7831679901776e-01	 1.5666142282638e-02	 2.5938968783828e-05	 1.5635367380184e-02
 1.7869379013619e-01	 1.5801427264025e-02	 2.5952163334190e-05	 1.5770639167021e-02
 1.7907078125462e-01	 1.5937564753123e-02	 2.5965365560168e-05	 1.5906763453893e-02
 1.7944777237305e-01	 1.6074558012408e-02	 2.5978575614559e-05	 1.6043743503123e-02
 1.7982476349148e-01	 1.6212410308049e-02	 2.5991793659016e-05	 1.6181582580720e-02
 1.8020175460991e-01	 1.6351124909681e-02	 2.6005019863126e-05	 1.6320283956147e-02
 1.8057874572834e-01	 1.6490705090165e-02	 2.6018254403484e-05	 1.6459850902091e-02
 1.8095573684677e-01	 1.6631154125354e-02	 2.6031497462751e-05	 1.6600286694221e-02
 1.8133272796520e-01	 1.6772475293791e-02	 2.6044749228728e-05	 1.6741594610892e-02
 1.8170971908363e-01	 1.6914671876522e-02	 2.6058009893424e-05	 1.6883777932959e-02
 1.8208671020206e-01	 1.7057747156845e-02	 2.6071279652146e-05	 1.7026839943522e-02
 1.8246370132050e-01	 1.7201704420068e-02	 2.6084558702596e-05	 1.7170783927695e-02
 1.8284069243893e-01	 1.7346546953301e-02	 2.6097847244005e-05	 1.7315613172387e-02
 1.8321768355736e-01	 1.7492278045233e-02	 2.6111145476277e-05	 1.7461330966086e-02
 1.8359467467579e-01	 1.7638900985931e-02	 2.6124453599174e-05	 1.7607940598661e-02
 1.8397166579422e-01	 1.7786419066637e-02	 2.6137771811532e-05	 1.7755445361155e-02
 1.8434865691265e-01	 1.7934835579558e-02	 2.6151100310516e-05	 1.7903848545577e-02
 1.8472564803108e-01	 1.8084153817717e-02	 2.6164439290910e-05	 1.8053153444756e-02
 1.8510263914951e-01	 1.8234377074773e-02	 2.6177788944456e-05	 1.8203363352159e-02
 1.8547963026794e-01	 1.8385508644830e-02	 2.6191149459238e-05	 1.8354481561700e-02
 1.8585662138637e-01	 1.8537551822335e-02	 2.6204521019101e-05	 1.8506511367646e-02
 1.8623361250480e-01	 1.8690509901883e-02	 2.6217903803138e-05	 1.8659456064409e-02
 1.8661060362323e-01	 1.8844386178152e-02	 2.6231297985204e-05	 1.8813318946497e-02
 1.8698759474166e-01	 1.8999183945700e-02	 2.6244703733497e-05	 1.8968103308296e-02
 1.8736458586010e-01	 1.9154906498930e-02	 2.6258121210176e-05	 1.9123812444050e-02
 1.8774157697853e-01	 1.9311557131941e-02	 2.6271550571035e-05	 1.9280449647700e-02
 1.8811856809696e-01	 1.9469139138458e-02	 2.6284991965225e-05	 1.9438018212822e-02
 1.8849555921539e-01	 1.9627655811745e-02	 2.6298445535019e-05	 1.9596521432540e-02
