 0.0000000000000e+00
 0.0000000000000e+00
 1.0591685524855e-02
-1.0994214478991e-02
-3.7554273264217e-02
-2.5799348631747e-02
-7.0854351866146e-03
-5.5398564447197e-03
 6.8292117641439e-03
 2.2816702957715e-02
 0.0000000000000e+00
 0.0000000000000e+00
 0.0000000000000e+00
 0.0000000000000e+00
-1.3713267050138e-02
-2.0746790409494e-02
-1.6316421025568e-02
-9.5164047990293e-03
 1.8099092649713e-02
 2.7768436432763e-02
 2.5906312060470e-02
 2.3249655892352e-02
 0.0000000000000e+00
 0.0000000000000e+00
 0.0000000000000e+00
 0.0000000000000e+00
 1.2564077731298e-03
 3.2597018530076e-02
 2.7530855807824e-03
 1.4937811857044e-02
 1.3141092256061e-02
 2.1570920620963e-02
 3.6304141363765e-02
 2.2204761666018e-02
 0.0000000000000e+00
 0.0000000000000e+00
 0.0000000000000e+00
 0.0000000000000e+00
-3.4746462754696e-02
-3.1371401769050e-02
-3.1295849160855e-02
-8.6659754114843e-03
 1.1695441426087e-02
 1.7489529327657e-02
 3.1028928360899e-02
 1.8132785201183e-02
 0.0000000000000e+00
 0.0000000000000e+00
 2.3839900981734e-04
