 0.0000000000000e+00
 0.0000000000000e+00
 2.4255897247901e-03
-9.0679403437205e-04
-1.4129769699852e-03
-1.3979191282086e-03
 1.4906579929930e-03
 1.9616810598240e-03
 1.4658043509342e-03
-2.8424943022765e-03
 0.0000000000000e+00
 0.0000000000000e+00
 0.0000000000000e+00
 0.0000000000000e+00
-5.9492570774403e-03
-7.9986462646491e-03
-8.6309204410481e-03
-9.3472524141784e-03
-1.1255834249767e-02
-1.0619854454451e-02
-8.0453945949646e-03
-5.6253082028315e-03
 0.0000000000000e+00
 0.0000000000000e+00
 0.0000000000000e+00
 0.0000000000000e+00
-5.2721642503731e-03
 2.5417168988421e-03
 3.2718011410929e-03
 1.6748829297146e-03
 6.2902820744580e-04
-9.1568075977546e-04
 1.2457974655756e-03
 8.5489640251180e-03
 0.0000000000000e+00
 0.0000000000000e+00
 0.0000000000000e+00
 0.0000000000000e+00
 8.5155959537824e-03
 8.1834698307564e-03
 5.7802593238946e-03
 4.9696226546675e-03
 6.0414441073475e-03
 6.3132092547073e-03
 8.4267720637511e-03
 6.3631596822495e-03
 0.0000000000000e+00
 0.0000000000000e+00
