 6.6486872552204e-01
 6.6285950728373e-01
 6.6084491177606e-01
 6.5882497718826e-01
 6.5679974201118e-01
 6.5476924503618e-01
 6.5273352535415e-01
 6.5069262235444e-01
 6.4864657572375e-01
 6.4659542544502e-01
 6.4453921179635e-01
 6.4247797534987e-01
 6.4041175697050e-01
 6.3834059781495e-01
 6.3626453933041e-01
 6.3418362325335e-01
 6.3209789160839e-01
 6.3000738670706e-01
 6.2791215114642e-01
 6.2581222780799e-01
 6.2370765985638e-01
 6.2159849073794e-01
 6.1948476417957e-01
 6.1736652418734e-01
 6.1524381504510e-01
 6.1311668131321e-01
 6.1098516782714e-01
 6.0884931969605e-01
 6.0670918230140e-01
 6.0456480129560e-01
 6.0241622260050e-01
 6.0026349240591e-01
 5.9810665716825e-01
 5.9594576360901e-01
 5.9378085871322e-01
 5.9161198972800e-01
 5.8943920416103e-01
 5.8726254977894e-01
 5.8508207460587e-01
 5.8289782692183e-01
 5.8070985526108e-01
 5.7851820841064e-01
 5.7632293540860e-01
 5.7412408554248e-01
 5.7192170834765e-01
 5.6971585360566e-01
 5.6750657134248e-01
 5.6529391182696e-01
 5.6307792556904e-01
 5.6085866331802e-01
 5.5863617606091e-01
 5.5641051502062e-01
 5.5418173165427e-01
 5.5194987765133e-01
 5.4971500493192e-01
 5.4747716564500e-01
 5.4523641216651e-01
 5.4299279709761e-01
 5.4074637326283e-01
 5.3849719370816e-01
 5.3624531169927e-01
 5.3399078071962e-01
 5.3173365446847e-01
 5.2947398685914e-01
 5.2721183201698e-01
 5.2494724427746e-01
 5.2268027818426e-01
 5.2041098848734e-01
 5.1813943014084e-01
 5.1586565830129e-01
 5.1358972832551e-01
 5.1131169576857e-01
 5.0903161638190e-01
 5.0674954611116e-01
 5.0446554109425e-01
 5.0217965765920e-01
 4.9989195232221e-01
 4.9760248178552e-01
 4.9531130293525e-01
 4.9301847283944e-01
 4.9072404874587e-01
 4.8842808807991e-01
 4.8613064844244e-01
 4.8383178760774e-01
 4.8153156352119e-01
 4.7923003429728e-01
 4.7692725821736e-01
 4.7462329372738e-01
 4.7231819943585e-01
 4.7001203411149e-01
 4.6770485668109e-01
 4.6539672622726e-01
 4.6308770198619e-01
 4.6077784334542e-01
 4.5846720984154e-01
 4.5615586115795e-01
 4.5384385712262e-01
 4.5153125770570e-01
 4.4921812301732e-01
 4.4690451330525e-01
 4.4459048895256e-01
 4.4227611047532e-01
 4.3996143852027e-01
 4.3764653386246e-01
 4.3533145740288e-01
 4.3301627016618e-01
 4.3070103329817e-01
 4.2838580806355e-01
 4.2607065584350e-01
 4.2375563813323e-01
 4.2144081653963e-01
 4.1912625277887e-01
 4.1681200867392e-01
 4.1449814615215e-01
 4.1218472724294e-01
 4.0987181407519e-01
 4.0755946887484e-01
 4.0524775396247e-01
 4.0293673175085e-01
 4.0062646474236e-01
 3.9831701552664e-01
 3.9600844677807e-01
 3.9370082125315e-01
 3.9139420178822e-01
 3.8908865129680e-01
 3.8678423276706e-01
 3.8448100925946e-01
 3.8217904390407e-01
 3.7987839989809e-01
 3.7757914050333e-01
 3.7528132904368e-01
 3.7298502890250e-01
 3.7069030352014e-01
 3.6839721639134e-01
 3.6610583106268e-01
 3.6381621112997e-01
 3.6152842023579e-01
 3.5924252206678e-01
 3.5695858035113e-01
 3.5467665885596e-01
 3.5239682138480e-01
 3.5011913177486e-01
 3.4784365389456e-01
 3.4557045164091e-01
 3.4329958893676e-01
 3.4103112972839e-01
 3.3876513798278e-01
 3.3650167768497e-01
 3.3424081283554e-01
 3.3198260744787e-01
 3.2972712554560e-01
 3.2747443115995e-01
 3.2522458832710e-01
 3.2297766108554e-01
 3.2073371347346e-01
 3.1849280952607e-01
 3.1625501327301e-01
 3.1402038873562e-01
 3.1178899992435e-01
 3.0956091083615e-01
 3.0733618545169e-01
 3.0511488773281e-01
 3.0289708161987e-01
 3.0068283102899e-01
 2.9847219984951e-01
 2.9626525194127e-01
 2.9406205113193e-01
 2.9186266121439e-01
 2.8966714594402e-01
 2.8747556903605e-01
 2.8528799416298e-01
 2.8310448495177e-01
 2.8092510498127e-01
 2.7874991777954e-01
 2.7657898682121e-01
 2.7441237552472e-01
 2.7225014724980e-01
 2.7009236529469e-01
 2.6793909289354e-01
 2.6579039321370e-01
 2.6364632935312e-01
 2.6150696433767e-01
 2.5937236111842e-01
 2.5724258256909e-01
 2.5511769148332e-01
 2.5299775057201e-01
 2.5088282246074e-01
 2.4877296968706e-01
 2.4666825469784e-01
 2.4456873984664e-01
 2.4247448739111e-01
 2.4038555949027e-01
 2.3830201820191e-01
 2.3622392547999e-01
 2.3415134317193e-01
 2.3208433301604e-01
 2.3002295663887e-01
 2.2796727555265e-01
 2.2591735115250e-01
 2.2387324471405e-01
 2.2183501739062e-01
 2.1980273021075e-01
 2.1777644407551e-01
 2.1575621975598e-01
 2.1374211789056e-01
 2.1173419898244e-01
 2.0973252339703e-01
 2.0773715135931e-01
 2.0574814295132e-01
 2.0376555810957e-01
 2.0178945662241e-01
 1.9981989812756e-01
 1.9785694210953e-01
 1.9590064789701e-01
 1.9395107466038e-01
 1.9200828140919e-01
 1.9007232698954e-01
 1.8814327008166e-01
 1.8622116919728e-01
 1.8430608267723e-01
 1.8239806868881e-01
 1.8049718522338e-01
 1.7860349009382e-01
 1.7671704093205e-01
 1.7483789518656e-01
 1.7296611011992e-01
 1.7110174280630e-01
 1.6924485012905e-01
 1.6739548877822e-01
 1.6555371524807e-01
 1.6371958583474e-01
 1.6189315663373e-01
 1.6007448353750e-01
 1.5826362223306e-01
 1.5646062819959e-01
 1.5466555670598e-01
 1.5287846280849e-01
 1.5109940134839e-01
 1.4932842694950e-01
 1.4756559401591e-01
 1.4581095672958e-01
 1.4406456904806e-01
 1.4232648470203e-01
 1.4059675719311e-01
 1.3887543979145e-01
 1.3716258553346e-01
 1.3545824721950e-01
 1.3376247741163e-01
 1.3207532843124e-01
 1.3039685235690e-01
 1.2872710102201e-01
 1.2706612601258e-01
 1.2541397866501e-01
 1.2377071006389e-01
 1.2213637103967e-01
 1.2051101216659e-01
 1.1889468376042e-01
 1.1728743587623e-01
 1.1568931830636e-01
 1.1410038057811e-01
 1.1252067195168e-01
 1.1095024141799e-01
 1.0938913769659e-01
 1.0783740923350e-01
 1.0629510419916e-01
 1.0476227048629e-01
 1.0323895570786e-01
 1.0172520719499e-01
 1.0022107199490e-01
 9.8726596868895e-02
 9.7241828290284e-02
 9.5766812442421e-02
 9.4301595216699e-02
 9.2846222210491e-02
 9.1400738725259e-02
 8.9965189764543e-02
 8.8539620031998e-02
 8.7124073929515e-02
 8.5718595555238e-02
 8.4323228701663e-02
 8.2938016853771e-02
 8.1563003187136e-02
 8.0198230566030e-02
 7.8843741541574e-02
 7.7499578349901e-02
 7.6165782910363e-02
 7.4842396823649e-02
 7.3529461370044e-02
 7.2227017507624e-02
 7.0935105870463e-02
 6.9653766766909e-02
 6.8383040177835e-02
 6.7122965754893e-02
 6.5873582818829e-02
 6.4634930357743e-02
 6.3407047025478e-02
 6.2189971139877e-02
 6.0983740681197e-02
 5.9788393290384e-02
 5.8603966267561e-02
 5.7430496570329e-02
 5.6268020812221e-02
 5.5116575261130e-02
 5.3976195837730e-02
 5.2846918113948e-02
 5.1728777311401e-02
 5.0621808299926e-02
 4.9526045596071e-02
 4.8441523361601e-02
 4.7368275402037e-02
 4.6306335165235e-02
 4.5255735739907e-02
 4.4216509854241e-02
 4.3188689874492e-02
 4.2172307803590e-02
 4.1167395279795e-02
 4.0173983575320e-02
 3.9192103595021e-02
 3.8221785875040e-02
 3.7263060581615e-02
 3.6315957509644e-02
 3.5380506081522e-02
 3.4456735345869e-02
 3.3544673976325e-02
 3.2644350270242e-02
 3.1755792147617e-02
 3.0879027149805e-02
 3.0014082438434e-02
 2.9160984794208e-02
 2.8319760615803e-02
 2.7490435918760e-02
 2.6673036334385e-02
 2.5867587108700e-02
 2.5074113101327e-02
 2.4292638784521e-02
 2.3523188242088e-02
 2.2765785168444e-02
 2.2020452867583e-02
 2.1287214252133e-02
 2.0566091842372e-02
 1.9857107765366e-02
 1.9160283754001e-02
 1.8475641146108e-02
 1.7803200883584e-02
 1.7142983511536e-02
 1.6495009177447e-02
 1.5859297630367e-02
 1.5235868220053e-02
 1.4624739896284e-02
 1.4025931207994e-02
 1.3439460302608e-02
 1.2865344925268e-02
 1.2303602418133e-02
 1.1754249719690e-02
 1.1217303364095e-02
 1.0692779480499e-02
 1.0180693792418e-02
 9.6810616171771e-03
 9.1938978651850e-03
 8.7192170394829e-03
 8.2570332351339e-03
 7.8073601386734e-03
 7.3702110276109e-03
 6.9455987699172e-03
 6.5335358235519e-03
 6.1340342359750e-03
 5.7471056437417e-03
 5.3727612720461e-03
 5.0110119343175e-03
 4.6618680318452e-03
 4.3253395534366e-03
 4.0014360749819e-03
 3.6901667592311e-03
 3.3915403553979e-03
 3.1055651989267e-03
 2.8322492111938e-03
 2.5715998992513e-03
 2.3236243556278e-03
 2.0883292580210e-03
 1.8657208692614e-03
 1.6558050369723e-03
 1.4585871935227e-03
 1.2740723558639e-03
 1.1022651253449e-03
 9.4316968773511e-04
 7.9678981304687e-04
 6.6312885550202e-04
 5.4218975353115e-04
 4.3397502968923e-04
 3.3848679066872e-04
 2.5572672737706e-04
 1.8569611488695e-04
 1.2839581255675e-04
 8.3826264057230e-05
 5.1987497488026e-05
 3.2879125502094e-05
 2.6500345405078e-05
 3.2849939353374e-05
 5.1926274470371e-05
 8.3727303064163e-05
 1.2825056283772e-04
 1.8549317712369e-04
 2.5545185506937e-04
 3.3812289201263e-04
 4.3350216966864e-04
 5.4158515646596e-04
 6.6236690786814e-04
 7.9584206671501e-04
 9.4200486360607e-04
 1.1008491172202e-03
 1.2723682347564e-03
 1.4565552123552e-03
 1.6534026354937e-03
 1.8629026794763e-03
 2.0850471098850e-03
 2.3198272830695e-03
 2.5672341466877e-03
 2.8272582401705e-03
 3.0998896953115e-03
 3.3851182368544e-03
 3.6829331829935e-03
 3.9933234460605e-03
 4.3162775331020e-03
 4.6517835465061e-03
 4.9998291846893e-03
 5.3604017427415e-03
 5.7334881131410e-03
 6.1190747864597e-03
 6.5171478520721e-03
 6.9276929989074e-03
 7.3506955162493e-03
 7.7861402944965e-03
 8.2340118259222e-03
 8.6942942055473e-03
 9.1669711319798e-03
 9.6520259081991e-03
 1.0149441442529e-02
 1.0659200249456e-02
 1.1181284450544e-02
 1.1715675775389e-02
 1.2262355562548e-02
 1.2821304760486e-02
 1.3392503928571e-02
 1.3975933238090e-02
 1.4571572473221e-02
 1.5179401032053e-02
 1.5799397927741e-02
 1.6431541789440e-02
 1.7075810863438e-02
 1.7732183014310e-02
 1.8400635725947e-02
 1.9081146102772e-02
 1.9773690870828e-02
 2.0478246378992e-02
 2.1194788600142e-02
 2.1923293132346e-02
 2.2663735200130e-02
 2.3416089655666e-02
 2.4180330980051e-02
 2.4956433284581e-02
 2.5744370311999e-02
 2.6544115437859e-02
 2.7355641671798e-02
 2.8178921658914e-02
 2.9013927681059e-02
 2.9860631658275e-02
 3.0719005150119e-02
 3.1589019357094e-02
 3.2470645122105e-02
 3.3363852931765e-02
 3.4268612917996e-02
 3.5184894859385e-02
 3.6112668182723e-02
 3.7051901964445e-02
 3.8002564932182e-02
 3.8964625466250e-02
 3.9938051601254e-02
 4.0922811027519e-02
 4.1918871092808e-02
 4.2926198803810e-02
 4.3944760827696e-02
 4.4974523493893e-02
 4.6015452795531e-02
 4.7067514391168e-02
 4.8130673606466e-02
 4.9204895435815e-02
 5.0290144544002e-02
 5.1386385267961e-02
 5.2493581618426e-02
 5.3611697281669e-02
 5.4740695621294e-02
 5.5880539679864e-02
 5.7031192180784e-02
 5.8192615529979e-02
 5.9364771817754e-02
 6.0547622820565e-02
 6.1741130002792e-02
 6.2945254518652e-02
 6.4159957213955e-02
 6.5385198627980e-02
 6.6620938995371e-02
 6.7867138247968e-02
 6.9123756016661e-02
 7.0390751633416e-02
 7.1668084133044e-02
 7.2955712255199e-02
 7.4253594446314e-02
 7.5561688861481e-02
 7.6879953366496e-02
 7.8208345539762e-02
 7.9546822674296e-02
 8.0895341779723e-02
 8.2253859584249e-02
 8.3622332536727e-02
 8.5000716808605e-02
 8.6388968296055e-02
 8.7787042621957e-02
 8.9194895137904e-02
 9.0612480926419e-02
 9.2039754802922e-02
 9.3476671317810e-02
 9.4923184758620e-02
 9.6379249152113e-02
 9.7844818266364e-02
 9.9319845612911e-02
 1.0080428444893e-01
 1.0229808777934e-01
 1.0380120835893e-01
 1.0531359869464e-01
 1.0683521104764e-01
 1.0836599743552e-01
 1.0990590963457e-01
 1.1145489918187e-01
 1.1301291737763e-01
 1.1457991528729e-01
 1.1615584374385e-01
 1.1774065335006e-01
 1.1933429448068e-01
 1.2093671728476e-01
 1.2254787168788e-01
 1.2416770739440e-01
 1.2579617388984e-01
 1.2743322044306e-01
 1.2907879610860e-01
 1.3073284972904e-01
 1.3239532993723e-01
 1.3406618515861e-01
 1.3574536361365e-01
 1.3743281332003e-01
 1.3912848209510e-01
 1.4083231755820e-01
 1.4254426713295e-01
 1.4426427804967e-01
 1.4599229734779e-01
 1.4772827187810e-01
 1.4947214830524e-01
 1.5122387311000e-01
 1.5298339259182e-01
 1.5475065287104e-01
 1.5652559989143e-01
 1.5830817942251e-01
 1.6009833706203e-01
 1.6189601823829e-01
 1.6370116821269e-01
 1.6551373208200e-01
 1.6733365478093e-01
 1.6916088108450e-01
 1.7099535561044e-01
 1.7283702282170e-01
 1.7468582702888e-01
 1.7654171239262e-01
 1.7840462292612e-01
 1.8027450249757e-01
 1.8215129483264e-01
 1.8403494351684e-01
 1.8592539199811e-01
 1.8782258358921e-01
 1.8972646147025e-01
 1.9163696869105e-01
 1.9355404817381e-01
 1.9547764271535e-01
 1.9740769498978e-01
 1.9934414755091e-01
 2.0128694283473e-01
 2.0323602316189e-01
 2.0519133074024e-01
 2.0715280766725e-01
 2.0912039593257e-01
 2.1109403742047e-01
 2.1307367391237e-01
 2.1505924708930e-01
 2.1705069853449e-01
 2.1904796973571e-01
 2.2105100208790e-01
 2.2305973689566e-01
 2.2507411537568e-01
 2.2709407865932e-01
 2.2911956779503e-01
 2.3115052375099e-01
 2.3318688741743e-01
 2.3522859960927e-01
 2.3727560106862e-01
 2.3932783246718e-01
 2.4138523440885e-01
 2.4344774743220e-01
 2.4551531201296e-01
 2.4758786856650e-01
 2.4966535745042e-01
 2.5174771896694e-01
 2.5383489336546e-01
 2.5592682084509e-01
 2.5802344155707e-01
 2.6012469560730e-01
 2.6223052305887e-01
 2.6434086393451e-01
 2.6645565821907e-01
 2.6857484586207e-01
 2.7069836678011e-01
 2.7282616085943e-01
 2.7495816795831e-01
 2.7709432790964e-01
 2.7923458052335e-01
 2.8137886558884e-01
 2.8352712287756e-01
 2.8567929214538e-01
 2.8783531313506e-01
 2.8999512557884e-01
 2.9215866920071e-01
 2.9432588371898e-01
 2.9649670884872e-01
 2.9867108430419e-01
 3.0084894980125e-01
 3.0303024505988e-01
 3.0521490980655e-01
 3.0740288377663e-01
 3.0959410671689e-01
 3.1178851838788e-01
 3.1398605856632e-01
 3.1618666704753e-01
 3.1839028364788e-01
 3.2059684820710e-01
 3.2280630059074e-01
 3.2501858069257e-01
 3.2723362843689e-01
 3.2945138378093e-01
 3.3167178671734e-01
 3.3389477727637e-01
 3.3612029552832e-01
 3.3834828158594e-01
 3.4057867560670e-01
 3.4281141779512e-01
 3.4504644840523e-01
 3.4728370774272e-01
 3.4952313616738e-01
 3.5176467409542e-01
 3.5400826200170e-01
 3.5625384042204e-01
 3.5850134995564e-01
 3.6075073126720e-01
 3.6300192508927e-01
 3.6525487222454e-01
 3.6750951354810e-01
 3.6976579000964e-01
 3.7202364263577e-01
 3.7428301253223e-01
 3.7654384088611e-01
 3.7880606896811e-01
 3.8106963813474e-01
 3.8333448983051e-01
 3.8560056559014e-01
 3.8786780704083e-01
 3.9013615590430e-01
 3.9240555399906e-01
 3.9467594324262e-01
 3.9694726565353e-01
 3.9921946335362e-01
 4.0149247857012e-01
 4.0376625363778e-01
 4.0604073100098e-01
 4.0831585321592e-01
 4.1059156295263e-01
 4.1286780299712e-01
 4.1514451625346e-01
 4.1742164574587e-01
 4.1969913462076e-01
 4.2197692614876e-01
 4.2425496372691e-01
 4.2653319088050e-01
 4.2881155126523e-01
 4.3108998866923e-01
 4.3336844701499e-01
 4.3564687036140e-01
 4.3792520290581e-01
 4.4020338898584e-01
 4.4248137308152e-01
 4.4475909981714e-01
 4.4703651396322e-01
 4.4931356043847e-01
 4.5159018431169e-01
 4.5386633080368e-01
 4.5614194528917e-01
 4.5841697329863e-01
 4.6069136052029e-01
 4.6296505280187e-01
 4.6523799615249e-01
 4.6751013674456e-01
 4.6978142091554e-01
 4.7205179516976e-01
 4.7432120618031e-01
 4.7658960079076e-01
 4.7885692601697e-01
 4.8112312904889e-01
 4.8338815725225e-01
 4.8565195817038e-01
 4.8791447952594e-01
 4.9017566922260e-01
 4.9243547534677e-01
 4.9469384616934e-01
 4.9695073014730e-01
 4.9920607592547e-01
 5.0145983233814e-01
 5.0371194841072e-01
 5.0596237336134e-01
 5.0821105660256e-01
 5.1045794774291e-01
 5.1270299658849e-01
 5.1494615314458e-01
 5.1718736761724e-01
 5.1942659041478e-01
 5.2166377214937e-01
 5.2389886363860e-01
 5.2613181590691e-01
 5.2836258018715e-01
 5.3059110792212e-01
 5.3281735076593e-01
 5.3504126058554e-01
 5.3726278946227e-01
 5.3948188969310e-01
 5.4169851379218e-01
 5.4391261449228e-01
 5.4612414474610e-01
 5.4833305772767e-01
 5.5053930683379e-01
 5.5274284568533e-01
 5.5494362812856e-01
 5.5714160823652e-01
 5.5933674031033e-01
 5.6152897888047e-01
 5.6371827870805e-01
 5.6590459478618e-01
 5.6808788234111e-01
 5.7026809683352e-01
 5.7244519395982e-01
 5.7461912965324e-01
 5.7678986008513e-01
 5.7895734166615e-01
 5.8112153104736e-01
 5.8328238512146e-01
 5.8543986102393e-01
 5.8759391613413e-01
 5.8974450807641e-01
 5.9189159472129e-01
 5.9403513418645e-01
 5.9617508483787e-01
 5.9831140529085e-01
 6.0044405441110e-01
 6.0257299131575e-01
 6.0469817537431e-01
 6.0681956620981e-01
 6.0893712369962e-01
 6.1105080797655e-01
 6.1316057942977e-01
 6.1526639870572e-01
 6.1736822670904e-01
 6.1946602460359e-01
 6.2155975381319e-01
 6.2364937602260e-01
 6.2573485317840e-01
 6.2781614748978e-01
 6.2989322142942e-01
 6.3196603773434e-01
 6.3403455940665e-01
 6.3609874971435e-01
 6.3815857219220e-01
 6.4021399064239e-01
 6.4226496913530e-01
 6.4431147201027e-01
 6.4635346387634e-01
 6.4839090961287e-01
 6.5042377437030e-01
 6.5245202357085e-01
 6.5447562290910e-01
 6.5649453835267e-01
 6.5850873614290e-01
 6.6051818279540e-01
 6.6252284510065e-01
 6.6452269012468e-01
 6.6651768520951e-01
 6.6850779797379e-01
 6.7049299631335e-01
 6.7247324840168e-01
 6.7444852269044e-01
 6.7641878791003e-01
 6.7838401306997e-01
 6.8034416745945e-01
 6.8229922064776e-01
 6.8424914248469e-01
 6.8619390310101e-01
 6.8813347290882e-01
 6.9006782260203e-01
 6.9199692315663e-01
 6.9392074583113e-01
 6.9583926216690e-01
 6.9775244398847e-01
 6.9966026340388e-01
 7.0156269280500e-01
 7.0345970486776e-01
 7.0535127255249e-01
 7.0723736910416e-01
 7.0911796805261e-01
 7.1099304321280e-01
 7.1286256868503e-01
 7.1472651885513e-01
 7.1658486839464e-01
 7.1843759226105e-01
 7.2028466569786e-01
 7.2212606423480e-01
 7.2396176368792e-01
 7.2579174015975e-01
 7.2761597003936e-01
 7.2943443000245e-01
 7.3124709701148e-01
 7.3305394831565e-01
 7.3485496145099e-01
 7.3665011424041e-01
 7.3843938479366e-01
 7.4022275150738e-01
 7.4200019306509e-01
 7.4377168843712e-01
 7.4553721688062e-01
 7.4729675793949e-01
 7.4905029144429e-01
 7.5079779751219e-01
 7.5253925654688e-01
 7.5427464923843e-01
 7.5600395656318e-01
 7.5772715978364e-01
 7.5944424044826e-01
 7.6115518039137e-01
 7.6285996173288e-01
 7.6455856687825e-01
 7.6625097851810e-01
 7.6793717962815e-01
 7.6961715346891e-01
 7.7129088358545e-01
 7.7295835380712e-01
 7.7461954824736e-01
 7.7627445130331e-01
 7.7792304765557e-01
 7.7956532226791e-01
 7.8120126038689e-01
 7.8283084754156e-01
 7.8445406954312e-01
 7.8607091248452e-01
 7.8768136274010e-01
 7.8928540696524e-01
 7.9088303209591e-01
 7.9247422534825e-01
 7.9405897421821e-01
 7.9563726648104e-01
 7.9720909019088e-01
 7.9877443368028e-01
 8.0033328555973e-01
 8.0188563471718e-01
 8.0343147031752e-01
 8.0497078180207e-01
 8.0650355888809e-01
 8.0802979156817e-01
 8.0954947010977e-01
 8.1106258505461e-01
 8.1256912721806e-01
 8.1406908768866e-01
 8.1556245782742e-01
 8.1704922926725e-01
 8.1852939391237e-01
 8.2000294393764e-01
 8.2146987178791e-01
 8.2293017017741e-01
 8.2438383208905e-01
 8.2583085077375e-01
 8.2727121974973e-01
 8.2870493280190e-01
 8.3013198398100e-01
 8.3155236760301e-01
 8.3296607824838e-01
 8.3437311076123e-01
 8.3577346024866e-01
 8.3716712207999e-01
 8.3855409188593e-01
 8.3993436555782e-01
 8.4130793924687e-01
 8.4267480936330e-01
 8.4403497257552e-01
 8.4538842580938e-01
 8.4673516624721e-01
 8.4807519132707e-01
 8.4940849874188e-01
 8.5073508643849e-01
 8.5205495261685e-01
 8.5336809572914e-01
 8.5467451447883e-01
 8.5597420781978e-01
 8.5726717495534e-01
 8.5855341533741e-01
 8.5983292866552e-01
 8.6110571488584e-01
 8.6237177419031e-01
 8.6363110701557e-01
 8.6488371404208e-01
 8.6612959619307e-01
 8.6736875463360e-01
 8.6860119076951e-01
 8.6982690624647e-01
 8.7104590294890e-01
 8.7225818299899e-01
 8.7346374875564e-01
 8.7466260281344e-01
 8.7585474800158e-01
 8.7704018738284e-01
 8.7821892425248e-01
 8.7939096213719e-01
 8.8055630479396e-01
 8.8171495620908e-01
 8.8286692059694e-01
 8.8401220239896e-01
 8.8515080628252e-01
 8.8628273713976e-01
 8.8740800008648e-01
 8.8852660046104e-01
 8.8963854382315e-01
 8.9074383595273e-01
 8.9184248284883e-01
 8.9293449072835e-01
 8.9401986602491e-01
 8.9509861538770e-01
 8.9617074568026e-01
 8.9723626397928e-01
 8.9829517757341e-01
 8.9934749396207e-01
 9.0039322085419e-01
 9.0143236616703e-01
 9.0246493802495e-01
 9.0349094475813e-01
 9.0451039490140e-01
 9.0552329719294e-01
 9.0652966057305e-01
 9.0752949418289e-01
 9.0852280736324e-01
 9.0950960965317e-01
 9.1048991078882e-01
 9.1146372070211e-01
 9.1243104951944e-01
 9.1339190756040e-01
 9.1434630533651e-01
 9.1529425354985e-01
 9.1623576309181e-01
 9.1717084504177e-01
 9.1809951066578e-01
 9.1902177141520e-01
 9.1993763892546e-01
 9.2084712501465e-01
 9.2175024168220e-01
 9.2264700110759e-01
 9.2353741564895e-01
 9.2442149784175e-01
 9.2529926039741e-01
 9.2617071620200e-01
 9.2703587831482e-01
 9.2789475996706e-01
 9.2874737456047e-01
 9.2959373566592e-01
 9.3043385702208e-01
 9.3126775253401e-01
 9.3209543627180e-01
 9.3291692246917e-01
 9.3373222552210e-01
 9.3454135998741e-01
 9.3534434058138e-01
 9.3614118217837e-01
 9.3693189980940e-01
 9.3771650866075e-01
 9.3849502407254e-01
 9.3926746153736e-01
 9.4003383669883e-01
 9.4079416535019e-01
 9.4154846343289e-01
 9.4229674703516e-01
 9.4303903239062e-01
 9.4377533587682e-01
 9.4450567401386e-01
 9.4523006346289e-01
