 0.0000000000000e+00
 0.0000000000000e+00
 2.2035844513845e-03
 5.6381103273333e-04
-1.6208079999860e-04
 1.0234223594818e-03
 2.0973281189476e-03
 3.8191893167027e-03
 1.4079963516257e-03
-1.6063681312532e-03
 0.0000000000000e+00
 0.0000000000000e+00
 0.0000000000000e+00
 0.0000000000000e+00
 6.1298953792464e-03
 9.0384326996648e-03
 9.9152078719652e-03
 9.9297620676006e-03
 9.9831158643895e-03
 8.9295604508265e-03
 7.7476996836585e-03
 6.6866589337526e-03
 0.0000000000000e+00
 0.0000000000000e+00
 0.0000000000000e+00
 0.0000000000000e+00
-1.9100761951699e-03
 1.2256809115948e-03
 2.6566358837656e-03
-1.0492201915528e-04
-1.6383798269948e-03
-2.2432363572531e-03
-1.2253552558309e-03
 1.7963831249229e-03
 0.0000000000000e+00
 0.0000000000000e+00
 0.0000000000000e+00
 0.0000000000000e+00
-8.7861686209575e-03
-8.6262689876839e-03
-5.4777894372110e-03
-5.0188179336069e-03
-6.1003813635159e-03
-7.0508628161618e-03
-7.3478325822029e-03
-7.9533857005996e-03
 0.0000000000000e+00
 0.0000000000000e+00
