-1.8849555921539e-01	 8.6730425355536e-01	 6.6131185674811e-05	 8.6723788832776e-01
-1.8811856809696e-01	 8.6604624615513e-01	 6.6155467612889e-05	 8.6597985664560e-01
-1.8774157697853e-01	 8.6478080522575e-01	 6.6179763596400e-05	 8.6471439142023e-01
-1.8736458586010e-01	 8.6350792676639e-01	 6.6204073653999e-05	 8.6344148865081e-01
-1.8698759474166e-01	 8.6222760707998e-01	 6.6228397815412e-05	 8.6216114464024e-01
-1.8661060362323e-01	 8.6093984277465e-01	 6.6252736111303e-05	 8.6087335599661e-01
-1.8623361250480e-01	 8.5964463076504e-01	 6.6277088573150e-05	 8.5957811963454e-01
-1.8585662138637e-01	 8.5834196827369e-01	 6.6301455233102e-05	 8.5827543277653e-01
-1.8547963026794e-01	 8.5703185283237e-01	 6.6325836123860e-05	 8.5696529295432e-01
-1.8510263914951e-01	 8.5571428228338e-01	 6.6350231278526e-05	 8.5564769801018e-01
-1.8472564803108e-01	 8.5438925478091e-01	 6.6374640730479e-05	 8.5432264609825e-01
-1.8434865691265e-01	 8.5305676879229e-01	 6.6399064513237e-05	 8.5299013568585e-01
-1.8397166579422e-01	 8.5171682309929e-01	 6.6423502660322e-05	 8.5165016555471e-01
-1.8359467467579e-01	 8.5036941679942e-01	 6.6447955205136e-05	 8.5030273480229e-01
-1.8321768355736e-01	 8.4901454930717e-01	 6.6472422180830e-05	 8.4894784284306e-01
-1.8284069243893e-01	 8.4765222035520e-01	 6.6496903620186e-05	 8.4758548940965e-01
-1.8246370132050e-01	 8.4628242999566e-01	 6.6521399555498e-05	 8.4621567455418e-01
-1.8208671020206e-01	 8.4490517860134e-01	 6.6545910018459e-05	 8.4483839864940e-01
-1.8170971908363e-01	 8.4352046686690e-01	 6.6570435040060e-05	 8.4345366238994e-01
-1.8133272796520e-01	 8.4212829581004e-01	 6.6594974650489e-05	 8.4206146679346e-01
-1.8095573684677e-01	 8.4072866677268e-01	 6.6619528879040e-05	 8.4066181320188e-01
-1.8057874572834e-01	 8.3932158142212e-01	 6.6644097754034e-05	 8.3925470328244e-01
-1.8020175460991e-01	 8.3790704175215e-01	 6.6668681302733e-05	 8.3784013902893e-01
-1.7982476349148e-01	 8.3648505008425e-01	 6.6693279551291e-05	 8.3641812276278e-01
-1.7944777237305e-01	 8.3505560906861e-01	 6.6717892524676e-05	 8.3498865713416e-01
-1.7907078125462e-01	 8.3361872168529e-01	 6.6742520246638e-05	 8.3355174512312e-01
-1.7869379013619e-01	 8.3217439124530e-01	 6.6767162739657e-05	 8.3210739004063e-01
-1.7831679901776e-01	 8.3072262139161e-01	 6.6791820024920e-05	 8.3065559552966e-01
-1.7793980789933e-01	 8.2926341610028e-01	 6.6816492122296e-05	 8.2919636556623e-01
-1.7756281678090e-01	 8.2779677968144e-01	 6.6841179050321e-05	 8.2772970446046e-01
-1.7718582566246e-01	 8.2632271678033e-01	 6.6865880826200e-05	 8.2625561685758e-01
-1.7680883454403e-01	 8.2484123237830e-01	 6.6890597465805e-05	 8.2477410773891e-01
-1.7643184342560e-01	 8.2335233179378e-01	 6.6915328983693e-05	 8.2328518242287e-01
-1.7605485230717e-01	 8.2185602068332e-01	 6.6940075393127e-05	 8.2178884656601e-01
-1.7567786118874e-01	 8.2035230504245e-01	 6.6964836706102e-05	 8.2028510616382e-01
-1.7530087007031e-01	 8.1884119120669e-01	 6.6989612933388e-05	 8.1877396755183e-01
-1.7492387895188e-01	 8.1732268585245e-01	 6.7014404084567e-05	 8.1725543740645e-01
-1.7454688783345e-01	 8.1579679599795e-01	 6.7039210168090e-05	 8.1572952274586e-01
-1.7416989671502e-01	 8.1426352900408e-01	 6.7064031191329e-05	 8.1419623093096e-01
-1.7379290559659e-01	 8.1272289257533e-01	 6.7088867160641e-05	 8.1265556966625e-01
-1.7341591447816e-01	 8.1117489476059e-01	 6.7113718081437e-05	 8.1110754700058e-01
-1.7303892335973e-01	 8.0961954395402e-01	 6.7138583958254e-05	 8.0955217132814e-01
-1.7266193224130e-01	 8.0805684889591e-01	 6.7163464794826e-05	 8.0798945138919e-01
-1.7228494112286e-01	 8.0648681867338e-01	 6.7188360594173e-05	 8.0641939627086e-01
-1.7190795000443e-01	 8.0490946272132e-01	 6.7213271358670e-05	 8.0484201540804e-01
-1.7153095888600e-01	 8.0332479082305e-01	 6.7238197090146e-05	 8.0325731858404e-01
-1.7115396776757e-01	 8.0173281311111e-01	 6.7263137789957e-05	 8.0166531593140e-01
-1.7077697664914e-01	 8.0013354006802e-01	 6.7288093459082e-05	 8.0006601793264e-01
-1.7039998553071e-01	 7.9852698252700e-01	 6.7313064098203e-05	 7.9845943542098e-01
-1.7002299441228e-01	 7.9691315167262e-01	 6.7338049707797e-05	 7.9684557958098e-01
-1.6964600329385e-01	 7.9529205904157e-01	 6.7363050288222e-05	 7.9522446194935e-01
-1.6926901217542e-01	 7.9366371652328e-01	 6.7388065839795e-05	 7.9359609441552e-01
-1.6889202105699e-01	 7.9202813636060e-01	 6.7413096362883e-05	 7.9196048922231e-01
-1.6851502993856e-01	 7.9038533115039e-01	 6.7438141857982e-05	 7.9031765896660e-01
-1.6813803882013e-01	 7.8873531384419e-01	 6.7463202325786e-05	 7.8866761659994e-01
-1.6776104770169e-01	 7.8707809774879e-01	 6.7488277767273e-05	 7.8701037542910e-01
-1.6738405658326e-01	 7.8541369652682e-01	 6.7513368183769e-05	 7.8534594911671e-01
-1.6700706546483e-01	 7.8374212419732e-01	 6.7538473577012e-05	 7.8367435168182e-01
-1.6663007434640e-01	 7.8206339513627e-01	 6.7563593949220e-05	 7.8199559750040e-01
-1.6625308322797e-01	 7.8037752407712e-01	 6.7588729303142e-05	 7.8030970130589e-01
-1.6587609210954e-01	 7.7868452611130e-01	 6.7613879642113e-05	 7.7861667818974e-01
-1.6549910099111e-01	 7.7698441668876e-01	 6.7639044970100e-05	 7.7691654360187e-01
-1.6512210987268e-01	 7.7527721161833e-01	 6.7664225291742e-05	 7.7520931335112e-01
-1.6474511875425e-01	 7.7356292706830e-01	 6.7689420612385e-05	 7.7349500360576e-01
-1.6436812763582e-01	 7.7184157956676e-01	 6.7714630938115e-05	 7.7177363089390e-01
-1.6399113651739e-01	 7.7011318600206e-01	 6.7739856275775e-05	 7.7004521210386e-01
-1.6361414539896e-01	 7.6837776362323e-01	 6.7765096632989e-05	 7.6830976448467e-01
-1.6323715428053e-01	 7.6663533004031e-01	 6.7790352018174e-05	 7.6656730564637e-01
-1.6286016316209e-01	 7.6488590322471e-01	 6.7815622440543e-05	 7.6481785356035e-01
-1.6248317204366e-01	 7.6312950150962e-01	 6.7840907910104e-05	 7.6306142655978e-01
-1.6210618092523e-01	 7.6136614359026e-01	 6.7866208437666e-05	 7.6129804333990e-01
-1.6172918980680e-01	 7.5959584852421e-01	 6.7891524034816e-05	 7.5952772295825e-01
-1.6135219868837e-01	 7.5781863573170e-01	 6.7916854713912e-05	 7.5775048483506e-01
-1.6097520756994e-01	 7.5603452499589e-01	 6.7942200488061e-05	 7.5596634875348e-01
-1.6059821645151e-01	 7.5424353646308e-01	 6.7967561371094e-05	 7.5417533485978e-01
-1.6022122533308e-01	 7.5244569064294e-01	 6.7992937377538e-05	 7.5237746366363e-01
-1.5984423421465e-01	 7.5064100840876e-01	 6.8018328522585e-05	 7.5057275603831e-01
-1.5946724309622e-01	 7.4882951099762e-01	 6.8043734822051e-05	 7.4876123322087e-01
-1.5909025197779e-01	 7.4701122001051e-01	 6.8069156292342e-05	 7.4694291681229e-01
-1.5871326085936e-01	 7.4518615741256e-01	 6.8094592950410e-05	 7.4511782877768e-01
-1.5833626974093e-01	 7.4335434553313e-01	 6.8120044813704e-05	 7.4328599144639e-01
-1.5795927862249e-01	 7.4151580706589e-01	 6.8145511900127e-05	 7.4144742751207e-01
-1.5758228750406e-01	 7.3967056506899e-01	 6.8170994227988e-05	 7.3960216003284e-01
-1.5720529638563e-01	 7.3781864296506e-01	 6.8196491815948e-05	 7.3775021243132e-01
-1.5682830526720e-01	 7.3596006454127e-01	 6.8222004682970e-05	 7.3589160849467e-01
-1.5645131414877e-01	 7.3409485394943e-01	 6.8247532848270e-05	 7.3402637237465e-01
-1.5607432303034e-01	 7.3222303570591e-01	 6.8273076331262e-05	 7.3215452858766e-01
-1.5569733191191e-01	 7.3034463469168e-01	 6.8298635151506e-05	 7.3027610201461e-01
-1.5532034079348e-01	 7.2845967615230e-01	 6.8324209328657e-05	 7.2839111790105e-01
-1.5494334967505e-01	 7.2656818569786e-01	 6.8349798882415e-05	 7.2649960185705e-01
-1.5456635855662e-01	 7.2467018930283e-01	 6.8375403832476e-05	 7.2460157985707e-01
-1.5418936743819e-01	 7.2276571330612e-01	 6.8401024198483e-05	 7.2269707824000e-01
-1.5381237631976e-01	 7.2085478441089e-01	 6.8426659999978e-05	 7.2078612370897e-01
-1.5343538520133e-01	 7.1893742968442e-01	 6.8452311256363e-05	 7.1886874333124e-01
-1.5305839408289e-01	 7.1701367655795e-01	 6.8477977986852e-05	 7.1694496453803e-01
-1.5268140296446e-01	 7.1508355282657e-01	 6.8503660210436e-05	 7.1501481512443e-01
-1.5230441184603e-01	 7.1314708664900e-01	 6.8529357945847e-05	 7.1307832324913e-01
-1.5192742072760e-01	 7.1120430654735e-01	 6.8555071211518e-05	 7.1113551743421e-01
-1.5155042960917e-01	 7.0925524140696e-01	 6.8580800025561e-05	 7.0918642656501e-01
-1.5117343849074e-01	 7.0729992047610e-01	 6.8606544405732e-05	 7.0723107988977e-01
-1.5079644737231e-01	 7.0533837336570e-01	 6.8632304369413e-05	 7.0526950701941e-01
-1.5041945625388e-01	 7.0337063004911e-01	 6.8658079933587e-05	 7.0330173792725e-01
-1.5004246513545e-01	 7.0139672086173e-01	 6.8683871114823e-05	 7.0132780294869e-01
-1.4966547401702e-01	 6.9941667650071e-01	 6.8709677929261e-05	 6.9934773278086e-01
-1.4928848289859e-01	 6.9743052802462e-01	 6.8735500392602e-05	 6.9736155848230e-01
-1.4891149178016e-01	 6.9543830685304e-01	 6.8761338520105e-05	 6.9536931147260e-01
-1.4853450066173e-01	 6.9344004476618e-01	 6.8787192326576e-05	 6.9337102353193e-01
-1.4815750954329e-01	 6.9143577390448e-01	 6.8813061826373e-05	 6.9136672680073e-01
-1.4778051842486e-01	 6.8942552676820e-01	 6.8838947033409e-05	 6.8935645377924e-01
-1.4740352730643e-01	 6.8740933621687e-01	 6.8864847961158e-05	 6.8734023732698e-01
-1.4702653618800e-01	 6.8538723546897e-01	 6.8890764622663e-05	 6.8531811066242e-01
-1.4664954506957e-01	 6.8335925810130e-01	 6.8916697030550e-05	 6.8329010736235e-01
-1.4627255395114e-01	 6.8132543804853e-01	 6.8942645197040e-05	 6.8125626136141e-01
-1.4589556283271e-01	 6.7928580960266e-01	 6.8968609133971e-05	 6.7921660695160e-01
-1.4551857171428e-01	 6.7724040741245e-01	 6.8994588852812e-05	 6.7717117878168e-01
-1.4514158059585e-01	 6.7518926648288e-01	 6.9020584364692e-05	 6.7512001185660e-01
-1.4476458947742e-01	 6.7313242217448e-01	 6.9046595680415e-05	 6.7306314153688e-01
-1.4438759835899e-01	 6.7106991020278e-01	 6.9072622810493e-05	 6.7100060353805e-01
-1.4401060724056e-01	 6.6900176663768e-01	 6.9098665765168e-05	 6.6893243392999e-01
-1.4363361612213e-01	 6.6692802790270e-01	 6.9124724554442e-05	 6.6685866913622e-01
-1.4325662500369e-01	 6.6484873077441e-01	 6.9150799188108e-05	 6.6477934593330e-01
-1.4287963388526e-01	 6.6276391238170e-01	 6.9176889675771e-05	 6.6269450145010e-01
-1.4250264276683e-01	 6.6067361020497e-01	 6.9202996026891e-05	 6.6060417316702e-01
-1.4212565164840e-01	 6.5857786207553e-01	 6.9229118250803e-05	 6.5850839891536e-01
-1.4174866052997e-01	 6.5647670617475e-01	 6.9255256356752e-05	 6.5640721687647e-01
-1.4137166941154e-01	 6.5437018103327e-01	 6.9281410353924e-05	 6.5430066558100e-01
-1.4099467829311e-01	 6.5225832553027e-01	 6.9307580251470e-05	 6.5218878390809e-01
-1.4061768717468e-01	 6.5014117889257e-01	 6.9333766058546e-05	 6.5007161108459e-01
-1.4024069605625e-01	 6.4801878069381e-01	 6.9359967784329e-05	 6.4794918668411e-01
-1.3986370493782e-01	 6.4589117085361e-01	 6.9386185438055e-05	 6.4582155062625e-01
-1.3948671381939e-01	 6.4375838963669e-01	 6.9412419029038e-05	 6.4368874317573e-01
-1.3910972270096e-01	 6.4162047765186e-01	 6.9438668566701e-05	 6.4155080494137e-01
-1.3873273158253e-01	 6.3947747585125e-01	 6.9464934060593e-05	 6.3940777687526e-01
-1.3835574046409e-01	 6.3732942552924e-01	 6.9491215520417e-05	 6.3725970027180e-01
-1.3797874934566e-01	 6.3517636832157e-01	 6.9517512956051e-05	 6.3510661676669e-01
-1.3760175822723e-01	 6.3301834620429e-01	 6.9543826377559e-05	 6.3294856833599e-01
-1.3722476710880e-01	 6.3085540149278e-01	 6.9570155795217e-05	 6.3078559729506e-01
-1.3684777599037e-01	 6.2868757684075e-01	 6.9596501219521e-05	 6.2861774629760e-01
-1.3647078487194e-01	 6.2651491523910e-01	 6.9622862661205e-05	 6.2644505833451e-01
-1.3609379375351e-01	 6.2433746001496e-01	 6.9649240131250e-05	 6.2426757673290e-01
-1.3571680263508e-01	 6.2215525483055e-01	 6.9675633640892e-05	 6.2208534515498e-01
-1.3533981151665e-01	 6.1996834368200e-01	 6.9702043201633e-05	 6.1989840759687e-01
-1.3496282039822e-01	 6.1777677089835e-01	 6.9728468825237e-05	 6.1770680838760e-01
-1.3458582927979e-01	 6.1558058114032e-01	 6.9754910523749e-05	 6.1551059218787e-01
-1.3420883816136e-01	 6.1337981939909e-01	 6.9781368309480e-05	 6.1330980398885e-01
-1.3383184704293e-01	 6.1117453099523e-01	 6.9807842195016e-05	 6.1110448911111e-01
-1.3345485592449e-01	 6.0896476157740e-01	 6.9834332193215e-05	 6.0889469320329e-01
-1.3307786480606e-01	 6.0675055712111e-01	 6.9860838317196e-05	 6.0668046224087e-01
-1.3270087368763e-01	 6.0453196392752e-01	 6.9887360580344e-05	 6.0446184252501e-01
-1.3232388256920e-01	 6.0230902862213e-01	 6.9913898996297e-05	 6.0223888068121e-01
-1.3194689145077e-01	 6.0008179815348e-01	 6.9940453578933e-05	 6.0001162365797e-01
-1.3156990033234e-01	 5.9785031979184e-01	 6.9967024342372e-05	 5.9778011872557e-01
-1.3119290921391e-01	 5.9561464112793e-01	 6.9993611300954e-05	 5.9554441347470e-01
-1.3081591809548e-01	 5.9337481007145e-01	 7.0020214469231e-05	 5.9330455581505e-01
-1.3043892697705e-01	 5.9113087484981e-01	 7.0046833861957e-05	 5.9106059397403e-01
-1.3006193585862e-01	 5.8888288400670e-01	 7.0073469494070e-05	 5.8881257649528e-01
-1.2968494474019e-01	 5.8663088640066e-01	 7.0100121380681e-05	 5.8656055223736e-01
-1.2930795362176e-01	 5.8437493120364e-01	 7.0126789537055e-05	 5.8430457037217e-01
-1.2893096250333e-01	 5.8211506789957e-01	 7.0153473978598e-05	 5.8204468038367e-01
-1.2855397138489e-01	 5.7985134628291e-01	 7.0180174720844e-05	 5.7978093206626e-01
-1.2817698026646e-01	 5.7758381645706e-01	 7.0206891779435e-05	 5.7751337552335e-01
-1.2779998914803e-01	 5.7531252883295e-01	 7.0233625170109e-05	 5.7524206116585e-01
-1.2742299802960e-01	 5.7303753412745e-01	 7.0260374908681e-05	 5.7296703971062e-01
-1.2704600691117e-01	 5.7075888336182e-01	 7.0287141011030e-05	 5.7068836217889e-01
-1.2666901579274e-01	 5.6847662786016e-01	 7.0313923493084e-05	 5.6840607989474e-01
-1.2629202467431e-01	 5.6619081924780e-01	 7.0340722370806e-05	 5.6612024448351e-01
-1.2591503355588e-01	 5.6390150944966e-01	 7.0367537660176e-05	 5.6383090787007e-01
-1.2553804243745e-01	 5.6160875068868e-01	 7.0394369377184e-05	 5.6153812227738e-01
-1.2516105131902e-01	 5.5931259548415e-01	 7.0421217537812e-05	 5.5924194022468e-01
-1.2478406020059e-01	 5.5701309664996e-01	 7.0448082158025e-05	 5.5694241452588e-01
-1.2440706908216e-01	 5.5471030729305e-01	 7.0474963253760e-05	 5.5463959828787e-01
-1.2403007796373e-01	 5.5240428081159e-01	 7.0501860840913e-05	 5.5233354490882e-01
-1.2365308684529e-01	 5.5009507089327e-01	 7.0528774935334e-05	 5.5002430807641e-01
-1.2327609572686e-01	 5.4778273151362e-01	 7.0555705552816e-05	 5.4771194176615e-01
-1.2289910460843e-01	 5.4546731693418e-01	 7.0582652709089e-05	 5.4539650023955e-01
-1.2252211349000e-01	 5.4314888170068e-01	 7.0609616419809e-05	 5.4307803804234e-01
-1.2214512237157e-01	 5.4082748064136e-01	 7.0636596700562e-05	 5.4075661000273e-01
-1.2176813125314e-01	 5.3850316886501e-01	 7.0663593566851e-05	 5.3843227122952e-01
-1.2139114013471e-01	 5.3617600175926e-01	 7.0690607034097e-05	 5.3610507711030e-01
-1.2101414901628e-01	 5.3384603498856e-01	 7.0717637117637e-05	 5.3377508330952e-01
-1.2063715789785e-01	 5.3151332449248e-01	 7.0744683832717e-05	 5.3144234576672e-01
-1.2026016677942e-01	 5.2917792648368e-01	 7.0771747194498e-05	 5.2910692069456e-01
-1.1988317566099e-01	 5.2683989744603e-01	 7.0798827218055e-05	 5.2676886457688e-01
-1.1950618454256e-01	 5.2449929413270e-01	 7.0825923918371e-05	 5.2442823416686e-01
-1.1912919342412e-01	 5.2215617356422e-01	 7.0853037310351e-05	 5.2208508648498e-01
-1.1875220230569e-01	 5.1981059302642e-01	 7.0880167408811e-05	 5.1973947881708e-01
-1.1837521118726e-01	 5.1746261006854e-01	 7.0907314228491e-05	 5.1739146871238e-01
-1.1799822006883e-01	 5.1511228250120e-01	 7.0934477784055e-05	 5.1504111398149e-01
-1.1762122895040e-01	 5.1275966839431e-01	 7.0961658090092e-05	 5.1268847269429e-01
-1.1724423783197e-01	 5.1040482607512e-01	 7.0988855161125e-05	 5.1033360317803e-01
-1.1686724671354e-01	 5.0804781412612e-01	 7.1016069011613e-05	 5.0797656401518e-01
-1.1649025559511e-01	 5.0568869138291e-01	 7.1043299655957e-05	 5.0561741404133e-01
-1.1611326447668e-01	 5.0332751693220e-01	 7.1070547108501e-05	 5.0325621234317e-01
-1.1573627335825e-01	 5.0096435010964e-01	 7.1097811383547e-05	 5.0089301825634e-01
-1.1535928223982e-01	 4.9859925049767e-01	 7.1125092495349e-05	 4.9852789136325e-01
-1.1498229112139e-01	 4.9623227792342e-01	 7.1152390458124e-05	 4.9616089149104e-01
-1.1460530000296e-01	 4.9386349245652e-01	 7.1179705286056e-05	 4.9379207870931e-01
-1.1422830888452e-01	 4.9149295440693e-01	 7.1207036993302e-05	 4.9142151332802e-01
-1.1385131776609e-01	 4.8912072432271e-01	 7.1234385593993e-05	 4.8904925589520e-01
-1.1347432664766e-01	 4.8674686298784e-01	 7.1261751102245e-05	 4.8667536719481e-01
-1.1309733552923e-01	 4.8437143141995e-01	 7.1289133532157e-05	 4.8429990824450e-01
-1.1272034441080e-01	 4.8199449086811e-01	 7.1316532897816e-05	 4.8192294029329e-01
-1.1234335329237e-01	 4.7961610281052e-01	 7.1343949213303e-05	 4.7954452481938e-01
-1.1196636217394e-01	 4.7723632895226e-01	 7.1371382492695e-05	 4.7716472352785e-01
-1.1158937105551e-01	 4.7485523122298e-01	 7.1398832750066e-05	 4.7478359834830e-01
-1.1121237993708e-01	 4.7247287177455e-01	 7.1426299999491e-05	 4.7240121143263e-01
-1.1083538881865e-01	 4.7008931297880e-01	 7.1453784255048e-05	 4.7001762515262e-01
-1.1045839770022e-01	 4.6770461742508e-01	 7.1481285530816e-05	 4.6763290209762e-01
-1.1008140658179e-01	 4.6531884791796e-01	 7.1508803840880e-05	 4.6524710507220e-01
-1.0970441546336e-01	 4.6293206747487e-01	 7.1536339199329e-05	 4.6286029709375e-01
-1.0932742434492e-01	 4.6054433932357e-01	 7.1563891620256e-05	 4.6047254139003e-01
-1.0895043322649e-01	 4.5815572689991e-01	 7.1591461117760e-05	 4.5808390139687e-01
-1.0857344210806e-01	 4.5576629384528e-01	 7.1619047705943e-05	 4.5569444075565e-01
-1.0819645098963e-01	 4.5337610400421e-01	 7.1646651398906e-05	 4.5330422331089e-01
-1.0781945987120e-01	 4.5098522142191e-01	 7.1674272210753e-05	 4.5091331310777e-01
-1.0744246875277e-01	 4.4859371034179e-01	 7.1701910155590e-05	 4.4852177438971e-01
-1.0706547763434e-01	 4.4620163520295e-01	 7.1729565247512e-05	 4.4612967159578e-01
-1.0668848651591e-01	 4.4380906063771e-01	 7.1757237500618e-05	 4.4373706935829e-01
-1.0631149539748e-01	 4.4141605146909e-01	 7.1784926928993e-05	 4.4134403250024e-01
-1.0593450427905e-01	 4.3902267270823e-01	 7.1812633546714e-05	 4.3895062603276e-01
-1.0555751316062e-01	 4.3662898955186e-01	 7.1840357367848e-05	 4.3655691515257e-01
-1.0518052204219e-01	 4.3423506737978e-01	 7.1868098406443e-05	 4.3416296523945e-01
-1.0480353092376e-01	 4.3184097175222e-01	 7.1895856676533e-05	 4.3176884185362e-01
-1.0442653980532e-01	 4.2944676840725e-01	 7.1923632192134e-05	 4.2937461073313e-01
-1.0404954868689e-01	 4.2705252325823e-01	 7.1951424967240e-05	 4.2698033779134e-01
-1.0367255756846e-01	 4.2465830239115e-01	 7.1979235015819e-05	 4.2458608911421e-01
-1.0329556645003e-01	 4.2226417206194e-01	 7.2007062351821e-05	 4.2219193095767e-01
-1.0291857533160e-01	 4.1987019869395e-01	 7.2034906989165e-05	 4.1979792974504e-01
-1.0254158421317e-01	 4.1747644887518e-01	 7.2062768941751e-05	 4.1740415206431e-01
-1.0216459309474e-01	 4.1508298935558e-01	 7.2090648223447e-05	 4.1501066466543e-01
-1.0178760197631e-01	 4.1268988704451e-01	 7.2118544848098e-05	 4.1261753445774e-01
-1.0141061085788e-01	 4.1029720900789e-01	 7.2146458829525e-05	 4.1022482850713e-01
-1.0103361973945e-01	 4.0790502246550e-01	 7.2174390181523e-05	 4.0783261403340e-01
-1.0065662862102e-01	 4.0551339478835e-01	 7.2202338917867e-05	 4.0544095840751e-01
-1.0027963750259e-01	 4.0312239349585e-01	 7.2230305052314e-05	 4.0304992914888e-01
-9.9902646384155e-02	 4.0073208625302e-01	 7.2258288598602e-05	 4.0065959392250e-01
-9.9525655265725e-02	 3.9834254086784e-01	 7.2286289570459e-05	 3.9827002053635e-01
-9.9148664147294e-02	 3.9595382528839e-01	 7.2314307981604e-05	 3.9588127693848e-01
-9.8771673028863e-02	 3.9356600760003e-01	 7.2342343845752e-05	 3.9349343121426e-01
-9.8394681910432e-02	 3.9117915602267e-01	 7.2370397176621e-05	 3.9110655158357e-01
-9.8017690792002e-02	 3.8879333890792e-01	 7.2398467987937e-05	 3.8872070639801e-01
-9.7640699673571e-02	 3.8640862473626e-01	 7.2426556293441e-05	 3.8633596413805e-01
-9.7263708555140e-02	 3.8402508211415e-01	 7.2454662106894e-05	 3.8395239341012e-01
-9.6886717436709e-02	 3.8164277977127e-01	 7.2482785442090e-05	 3.8157006294390e-01
-9.6509726318278e-02	 3.7926178655759e-01	 7.2510926312858e-05	 3.7918904158935e-01
-9.6132735199848e-02	 3.7688217144049e-01	 7.2539084733073e-05	 3.7680939831383e-01
-9.5755744081417e-02	 3.7450400350191e-01	 7.2567260716667e-05	 3.7443120219927e-01
-9.5378752962986e-02	 3.7212735193546e-01	 7.2595454277630e-05	 3.7205452243926e-01
-9.5001761844555e-02	 3.6975228604342e-01	 7.2623665430033e-05	 3.6967942833607e-01
-9.4624770726125e-02	 3.6737887523394e-01	 7.2651894188026e-05	 3.6730598929783e-01
-9.4247779607694e-02	 3.6500718901804e-01	 7.2680140565849e-05	 3.6493427483555e-01
-9.3870788489263e-02	 3.6263729700662e-01	 7.2708404577847e-05	 3.6256435456012e-01
-9.3493797370832e-02	 3.6026926890766e-01	 7.2736686238478e-05	 3.6019629817950e-01
-9.3116806252401e-02	 3.5790317452311e-01	 7.2764985562316e-05	 3.5783017549563e-01
-9.2739815133971e-02	 3.5553908374597e-01	 7.2793302564073e-05	 3.5546605640148e-01
-9.2362824015540e-02	 3.5317706655733e-01	 7.2821637258594e-05	 3.5310401087814e-01
-9.1985832897109e-02	 3.5081719302336e-01	 7.2849989660876e-05	 3.5074410899178e-01
-9.1608841778678e-02	 3.4845953329228e-01	 7.2878359786072e-05	 3.4838642089057e-01
-9.1231850660248e-02	 3.4610415759138e-01	 7.2906747649502e-05	 3.4603101680181e-01
-9.0854859541817e-02	 3.4375113622402e-01	 7.2935153266657e-05	 3.4367796702883e-01
-9.0477868423386e-02	 3.4140053956656e-01	 7.2963576653206e-05	 3.4132734194799e-01
-9.0100877304955e-02	 3.3905243806531e-01	 7.2992017825005e-05	 3.3897921200556e-01
-8.9723886186524e-02	 3.3670690223355e-01	 7.3020476798102e-05	 3.3663364771482e-01
-8.9346895068094e-02	 3.3436400264841e-01	 7.3048953588738e-05	 3.3429071965289e-01
-8.8969903949663e-02	 3.3202380994779e-01	 7.3077448213354e-05	 3.3195049845766e-01
-8.8592912831232e-02	 3.2968639482739e-01	 7.3105960688594e-05	 3.2961305482478e-01
-8.8215921712801e-02	 3.2735182803754e-01	 7.3134491031305e-05	 3.2727845950459e-01
-8.7838930594371e-02	 3.2502018038011e-01	 7.3163039258538e-05	 3.2494678329892e-01
-8.7461939475940e-02	 3.2269152270542e-01	 7.3191605387551e-05	 3.2261809705811e-01
-8.7084948357509e-02	 3.2036592590922e-01	 7.3220189435802e-05	 3.2029247167786e-01
-8.6707957239078e-02	 3.1804346092945e-01	 7.3248791420950e-05	 3.1796997809611e-01
-8.6330966120648e-02	 3.1572419874318e-01	 7.3277411360854e-05	 3.1565068728990e-01
-8.5953975002217e-02	 3.1340821036353e-01	 7.3306049273565e-05	 3.1333467027234e-01
-8.5576983883786e-02	 3.1109556683641e-01	 7.3334705177317e-05	 3.1102199808931e-01
-8.5199992765355e-02	 3.0878633923750e-01	 7.3363379090528e-05	 3.0871274181648e-01
-8.4823001646924e-02	 3.0648059866909e-01	 7.3392071031786e-05	 3.0640697255613e-01
-8.4446010528494e-02	 3.0417841625681e-01	 7.3420781019841e-05	 3.0410476143387e-01
-8.4069019410063e-02	 3.0187986314662e-01	 7.3449509073594e-05	 3.0180617959562e-01
-8.3692028291632e-02	 2.9958501050158e-01	 7.3478255212090e-05	 2.9951129820444e-01
-8.3315037173201e-02	 2.9729392949861e-01	 7.3507019454499e-05	 2.9722018843723e-01
-8.2938046054771e-02	 2.9500669132543e-01	 7.3535801820107e-05	 2.9493292148169e-01
-8.2561054936340e-02	 2.9272336717730e-01	 7.3564602328300e-05	 2.9264956853304e-01
-8.2184063817909e-02	 2.9044402825387e-01	 7.3593420998548e-05	 2.9037020079095e-01
-8.1807072699478e-02	 2.8816874575593e-01	 7.3622257850389e-05	 2.8809488945615e-01
-8.1430081581047e-02	 2.8589759088227e-01	 7.3651112903416e-05	 2.8582370572744e-01
-8.1053090462617e-02	 2.8363063482645e-01	 7.3679986177253e-05	 2.8355672079835e-01
-8.0676099344186e-02	 2.8136794877358e-01	 7.3708877691540e-05	 2.8129400585396e-01
-8.0299108225755e-02	 2.7910960389709e-01	 7.3737787465917e-05	 2.7903563206770e-01
-7.9922117107324e-02	 2.7685567135562e-01	 7.3766715519996e-05	 2.7678167059817e-01
-7.9545125988894e-02	 2.7460622228960e-01	 7.3795661873354e-05	 2.7453219258580e-01
-7.9168134870463e-02	 2.7236132781820e-01	 7.3824626545501e-05	 2.7228726914973e-01
-7.8791143752032e-02	 2.7012105903604e-01	 7.3853609555869e-05	 2.7004697138456e-01
-7.8414152633601e-02	 2.6788548700990e-01	 7.3882610923787e-05	 2.6781137035706e-01
-7.8037161515170e-02	 2.6565468277556e-01	 7.3911630668463e-05	 2.6558053710297e-01
-7.7660170396740e-02	 2.6342871733454e-01	 7.3940668808965e-05	 2.6335454262381e-01
-7.7283179278309e-02	 2.6120766165080e-01	 7.3969725364197e-05	 2.6113345788351e-01
-7.6906188159878e-02	 2.5899158664753e-01	 7.3998800352889e-05	 2.5891735380526e-01
-7.6529197041447e-02	 2.5678056320396e-01	 7.4027893793568e-05	 2.5670630126824e-01
-7.6152205923017e-02	 2.5457466215198e-01	 7.4057005704549e-05	 2.5450037110435e-01
-7.5775214804586e-02	 2.5237395427298e-01	 7.4086136103911e-05	 2.5229963409495e-01
-7.5398223686155e-02	 2.5017851029457e-01	 7.4115285009487e-05	 2.5010416096764e-01
-7.5021232567724e-02	 2.4798840088726e-01	 7.4144452438845e-05	 2.4791402239290e-01
-7.4644241449293e-02	 2.4580369666130e-01	 7.4173638409272e-05	 2.4572928898097e-01
-7.4267250330863e-02	 2.4362446816333e-01	 7.4202842937769e-05	 2.4355003127847e-01
-7.3890259212432e-02	 2.4145078587318e-01	 7.4232066041029e-05	 2.4137631976522e-01
-7.3513268094001e-02	 2.3928272020051e-01	 7.4261307735437e-05	 2.3920822485085e-01
-7.3136276975570e-02	 2.3712034148164e-01	 7.4290568037051e-05	 2.3704581687168e-01
-7.2759285857140e-02	 2.3496371997624e-01	 7.4319846961605e-05	 2.3488916608735e-01
-7.2382294738709e-02	 2.3281292586400e-01	 7.4349144524495e-05	 2.3273834267755e-01
-7.2005303620278e-02	 2.3066802924149e-01	 7.4378460740783e-05	 2.3059341673883e-01
-7.1628312501847e-02	 2.2852910011879e-01	 7.4407795625187e-05	 2.2845445828124e-01
-7.1251321383416e-02	 2.2639620841618e-01	 7.4437149192090e-05	 2.2632153722507e-01
-7.0874330264986e-02	 2.2426942396102e-01	 7.4466521455532e-05	 2.2419472339764e-01
-7.0497339146555e-02	 2.2214881648433e-01	 7.4495912429224e-05	 2.2207408652998e-01
-7.0120348028124e-02	 2.2003445561758e-01	 7.4525322126548e-05	 2.1995969625352e-01
-6.9743356909693e-02	 2.1792641088939e-01	 7.4554750560566e-05	 2.1785162209690e-01
-6.9366365791263e-02	 2.1582475172233e-01	 7.4584197744032e-05	 2.1574993348266e-01
-6.8989374672832e-02	 2.1372954742957e-01	 7.4613663689400e-05	 2.1365469972396e-01
-6.8612383554401e-02	 2.1164086721162e-01	 7.4643148408846e-05	 2.1156599002129e-01
-6.8235392435970e-02	 2.0955878015312e-01	 7.4672651914278e-05	 2.0948387345929e-01
-6.7858401317540e-02	 2.0748335521951e-01	 7.4702174217357e-05	 2.0740841900336e-01
-6.7481410199109e-02	 2.0541466125378e-01	 7.4731715329516e-05	 2.0533969549653e-01
-6.7104419080678e-02	 2.0335276697324e-01	 7.4761275261987e-05	 2.0327777165606e-01
-6.6727427962247e-02	 2.0129774096622e-01	 7.4790854025823e-05	 2.0122271607027e-01
-6.6350436843816e-02	 1.9924965168881e-01	 7.4820451631922e-05	 1.9917459719525e-01
-6.5973445725386e-02	 1.9720856746162e-01	 7.4850068091058e-05	 1.9713348335161e-01
-6.5596454606955e-02	 1.9517455646657e-01	 7.4879703413914e-05	 1.9509944272123e-01
-6.5219463488524e-02	 1.9314768674349e-01	 7.4909357611107e-05	 1.9307254334395e-01
-6.4842472370093e-02	 1.9112802618706e-01	 7.4939030693225e-05	 1.9105285311444e-01
-6.4465481251663e-02	 1.8911564254343e-01	 7.4968722670864e-05	 1.8904043977883e-01
-6.4088490133232e-02	 1.8711060340701e-01	 7.4998433554656e-05	 1.8703537093153e-01
-6.3711499014801e-02	 1.8511297621727e-01	 7.5028163355312e-05	 1.8503771401199e-01
-6.3334507896370e-02	 1.8312282825545e-01	 7.5057912083659e-05	 1.8304753630145e-01
-6.2957516777939e-02	 1.8114022664137e-01	 7.5087679750673e-05	 1.8106490491970e-01
-6.2580525659509e-02	 1.7916523833015e-01	 7.5117466367525e-05	 1.7908988682185e-01
-6.2203534541078e-02	 1.7719793010904e-01	 7.5147271945612e-05	 1.7712254879517e-01
-6.1826543422647e-02	 1.7523836859419e-01	 7.5177096496603e-05	 1.7516295745577e-01
-6.1449552304216e-02	 1.7328662022737e-01	 7.5206940032473e-05	 1.7321117924542e-01
-6.1072561185786e-02	 1.7134275127289e-01	 7.5236802565540e-05	 1.7126728042840e-01
-6.0695570067355e-02	 1.6940682781424e-01	 7.5266684108508e-05	 1.6933132708821e-01
-6.0318578948924e-02	 1.6747891575101e-01	 7.5296584674497e-05	 1.6740338512442e-01
-5.9941587830493e-02	 1.6555908079563e-01	 7.5326504277086e-05	 1.6548352024943e-01
-5.9564596712062e-02	 1.6364738847021e-01	 7.5356442930338e-05	 1.6357179798536e-01
-5.9187605593632e-02	 1.6174390410333e-01	 7.5386400648838e-05	 1.6166828366076e-01
-5.8810614475201e-02	 1.5984869282689e-01	 7.5416377447723e-05	 1.5977304240752e-01
-5.8433623356770e-02	 1.5796181957293e-01	 7.5446373342705e-05	 1.5788613915766e-01
-5.8056632238339e-02	 1.5608334907043e-01	 7.5476388350103e-05	 1.5600763864015e-01
-5.7679641119909e-02	 1.5421334584218e-01	 7.5506422486864e-05	 1.5413760537777e-01
-5.7302650001478e-02	 1.5235187420167e-01	 7.5536475770576e-05	 1.5227610368398e-01
-5.6925658883047e-02	 1.5049899824984e-01	 7.5566548219493e-05	 1.5042319765969e-01
-5.6548667764616e-02	 1.4865478187202e-01	 7.5596639852548e-05	 1.4857895119024e-01
-5.6171676646185e-02	 1.4681928873480e-01	 7.5626750689353e-05	 1.4674342794218e-01
-5.5794685527755e-02	 1.4499258228283e-01	 7.5656880750213e-05	 1.4491669136015e-01
-5.5417694409324e-02	 1.4317472573577e-01	 7.5687030056129e-05	 1.4309880466378e-01
-5.5040703290893e-02	 1.4136578208520e-01	 7.5717198628786e-05	 1.4128983084464e-01
-5.4663712172462e-02	 1.3956581409142e-01	 7.5747386490555e-05	 1.3948983266301e-01
-5.4286721054032e-02	 1.3777488428045e-01	 7.5777593664477e-05	 1.3769887264487e-01
-5.3909729935601e-02	 1.3599305494094e-01	 7.5807820174249e-05	 1.3591701307884e-01
-5.3532738817170e-02	 1.3422038812098e-01	 7.5838066044201e-05	 1.3414431601301e-01
-5.3155747698739e-02	 1.3245694562516e-01	 7.5868331299274e-05	 1.3238084325194e-01
-5.2778756580309e-02	 1.3070278901149e-01	 7.5898615964988e-05	 1.3062665635360e-01
-5.2401765461878e-02	 1.2895797958828e-01	 7.5928920067408e-05	 1.2888181662629e-01
-5.2024774343447e-02	 1.2722257841114e-01	 7.5959243633105e-05	 1.2714638512558e-01
-5.1647783225016e-02	 1.2549664627999e-01	 7.5989586689113e-05	 1.2542042265138e-01
-5.1270792106585e-02	 1.2378024373593e-01	 7.6019949262881e-05	 1.2370398974474e-01
-5.0893800988155e-02	 1.2207343105833e-01	 7.6050331382220e-05	 1.2199714668503e-01
-5.0516809869724e-02	 1.2037626826178e-01	 7.6080733075249e-05	 1.2029995348679e-01
-5.0139818751293e-02	 1.1868881509313e-01	 7.6111154370335e-05	 1.1861246989683e-01
-4.9762827632862e-02	 1.1701113102841e-01	 7.6141595296026e-05	 1.1693475539118e-01
-4.9385836514432e-02	 1.1534327526997e-01	 7.6172055880992e-05	 1.1526686917216e-01
-4.9008845396001e-02	 1.1368530674348e-01	 7.6202536153951e-05	 1.1360887016540e-01
-4.8631854277570e-02	 1.1203728409495e-01	 7.6233036143597e-05	 1.1196081701689e-01
-4.8254863159139e-02	 1.1039926568783e-01	 7.6263555878532e-05	 1.1032276809003e-01
-4.7877872040708e-02	 1.0877130960005e-01	 7.6294095387184e-05	 1.0869478146274e-01
-4.7500880922278e-02	 1.0715347362110e-01	 7.6324654697738e-05	 1.0707691492447e-01
-4.7123889803847e-02	 1.0554581524914e-01	 7.6355233838058e-05	 1.0546922597338e-01
-4.6746898685416e-02	 1.0394839168812e-01	 7.6385832835607e-05	 1.0387177181336e-01
-4.6369907566985e-02	 1.0236125984485e-01	 7.6416451717377e-05	 1.0228460935121e-01
-4.5992916448555e-02	 1.0078447632616e-01	 7.6447090509815e-05	 1.0070779519373e-01
-4.5615925330124e-02	 9.9218097436062e-02	 7.6477749238745e-05	 9.9141385644899e-02
-4.5238934211693e-02	 9.7662179172805e-02	 7.6508427929308e-05	 9.7585436702952e-02
-4.4861943093262e-02	 9.6116777226176e-02	 7.6539126605888e-05	 9.6040004057646e-02
-4.4484951974831e-02	 9.4581946974607e-02	 7.6569845292056e-05	 9.4505143087391e-02
-4.4107960856401e-02	 9.3057743482330e-02	 7.6600584010507e-05	 9.2980908856395e-02
-4.3730969737970e-02	 9.1544221496648e-02	 7.6631342783017e-05	 9.1467356111941e-02
-4.3353978619539e-02	 9.0041435445112e-02	 7.6662121630388e-05	 8.9964539281557e-02
-4.2976987501108e-02	 8.8549439432807e-02	 7.6692920572416e-05	 8.8472512470311e-02
-4.2599996382678e-02	 8.7068287239470e-02	 7.6723739627855e-05	 8.6991329457917e-02
-4.2223005264247e-02	 8.5598032316912e-02	 7.6754578814399e-05	 8.5521043696173e-02
-4.1846014145816e-02	 8.4138727786160e-02	 7.6785438148661e-05	 8.4061708306087e-02
-4.1469023027385e-02	 8.2690426434793e-02	 7.6816317646173e-05	 8.2613376075223e-02
-4.1092031908954e-02	 8.1253180714264e-02	 7.6847217321387e-05	 8.1176099455018e-02
-4.0715040790524e-02	 7.9827042737188e-02	 7.6878137187693e-05	 7.9749930558076e-02
-4.0338049672093e-02	 7.8412064274629e-02	 7.6909077257443e-05	 7.8334921155447e-02
-3.9961058553662e-02	 7.7008296753513e-02	 7.6940037541988e-05	 7.6931122674047e-02
-3.9584067435231e-02	 7.5615791253967e-02	 7.6971018051728e-05	 7.5538586193991e-02
-3.9207076316801e-02	 7.4234598506662e-02	 7.7002018796166e-05	 7.4157362445942e-02
-3.8830085198370e-02	 7.2864768890249e-02	 7.7033039783992e-05	 7.2787501808541e-02
-3.8453094079939e-02	 7.1506352428703e-02	 7.7064081023156e-05	 7.1429054305755e-02
-3.8076102961508e-02	 7.0159398788789e-02	 7.7095142520973e-05	 7.0082069604344e-02
-3.7699111843078e-02	 6.8823957277495e-02	 7.7126224284225e-05	 6.8746597011287e-02
-3.7322120724647e-02	 6.7500076839463e-02	 7.7157326319288e-05	 6.7422685471219e-02
-3.6945129606216e-02	 6.6187806054440e-02	 7.7188448632262e-05	 6.6110383563883e-02
-3.6568138487785e-02	 6.4887193134820e-02	 7.7219591229115e-05	 6.4809739501667e-02
-3.6191147369354e-02	 6.3598285923092e-02	 7.7250754115840e-05	 6.3520801127052e-02
-3.5814156250924e-02	 6.2321131889355e-02	 7.7281937298619e-05	 6.2243615910132e-02
-3.5437165132493e-02	 6.1055778128884e-02	 7.7313140784004e-05	 6.0978230946176e-02
-3.5060174014062e-02	 5.9802271359655e-02	 7.7344364579097e-05	 5.9724692953151e-02
-3.4683182895631e-02	 5.8560657919931e-02	 7.7375608691745e-05	 5.8483048269315e-02
-3.4306191777201e-02	 5.7330983765806e-02	 7.7406873130748e-05	 5.7253342850751e-02
-3.3929200658770e-02	 5.6113294468843e-02	 7.7438157906059e-05	 5.6035622269013e-02
-3.3552209540339e-02	 5.4907635213687e-02	 7.7469463029004e-05	 5.4829931708733e-02
-3.3175218421908e-02	 5.3714050795660e-02	 7.7500788512497e-05	 5.3636315965223e-02
-3.2798227303477e-02	 5.2532585618474e-02	 7.7532134371265e-05	 5.2454819442179e-02
-3.2421236185047e-02	 5.1363283691894e-02	 7.7563500622069e-05	 5.1285486149348e-02
-3.2044245066616e-02	 5.0206188629345e-02	 7.7594887283927e-05	 5.0128359700137e-02
-3.1667253948185e-02	 4.9061343645726e-02	 7.7626294378339e-05	 4.8983483309423e-02
-3.1290262829754e-02	 4.7928791555090e-02	 7.7657721929504e-05	 4.7850899791236e-02
-3.0913271711324e-02	 4.6808574768350e-02	 7.7689169964538e-05	 4.6730651556461e-02
-3.0536280592893e-02	 4.5700735291113e-02	 7.7720638513683e-05	 4.5622780610675e-02
-3.0159289474462e-02	 4.4605314721417e-02	 7.7752127610504e-05	 4.4527328551883e-02
-2.9782298356031e-02	 4.3522354247512e-02	 7.7783637292088e-05	 4.3444336568295e-02
-2.9405307237600e-02	 4.2451894645735e-02	 7.7815167599219e-05	 4.2373845436212e-02
-2.9028316119170e-02	 4.1393976278306e-02	 7.7846718576547e-05	 4.1315895517805e-02
-2.8651325000739e-02	 4.0348639091193e-02	 7.7878290272741e-05	 4.0270526758996e-02
-2.8274333882308e-02	 3.9315922611992e-02	 7.7909882740623e-05	 3.9237778687327e-02
-2.7897342763877e-02	 3.8295865947805e-02	 7.7941496037289e-05	 3.8217690409843e-02
-2.7520351645447e-02	 3.7288507783190e-02	 7.7973130224202e-05	 3.7210300611042e-02
-2.7143360527016e-02	 3.6293886378071e-02	 7.8004785367268e-05	 3.6215647550779e-02
-2.6766369408585e-02	 3.5312039565682e-02	 7.8036461536889e-05	 3.5233769062221e-02
-2.6389378290154e-02	 3.4343004750566e-02	 7.8068158807989e-05	 3.4264702549834e-02
-2.6012387171723e-02	 3.3386818906564e-02	 7.8099877260015e-05	 3.3308484987379e-02
-2.5635396053293e-02	 3.2443518574808e-02	 7.8131616976907e-05	 3.2365152915907e-02
-2.5258404934862e-02	 3.1513139861774e-02	 7.8163378047048e-05	 3.1434742441803e-02
-2.4881413816431e-02	 3.0595718437353e-02	 7.8195160563168e-05	 3.0517289234866e-02
-2.4504422698000e-02	 2.9691289532876e-02	 7.8226964622237e-05	 2.9612828526329e-02
-2.4127431579570e-02	 2.8799887939271e-02	 7.8258790325308e-05	 2.8721395107022e-02
-2.3750440461139e-02	 2.7921548005126e-02	 7.8290637777341e-05	 2.7843023325425e-02
-2.3373449342708e-02	 2.7056303634872e-02	 7.8322507086986e-05	 2.6977747085861e-02
-2.2996458224277e-02	 2.6204188286931e-02	 7.8354398366336e-05	 2.6125599846641e-02
-2.2619467105847e-02	 2.5365234971831e-02	 7.8386311730649e-05	 2.5286614618176e-02
-2.2242475987416e-02	 2.4539476250523e-02	 7.8418247298032e-05	 2.4460823961301e-02
-2.1865484868985e-02	 2.3726944232519e-02	 7.8450205189100e-05	 2.3648259985405e-02
-2.1488493750554e-02	 2.2927670574151e-02	 7.8482185526588e-05	 2.2848954346700e-02
-2.1111502632123e-02	 2.2141686476850e-02	 7.8514188434954e-05	 2.2062938246491e-02
-2.0734511513693e-02	 2.1369022685462e-02	 7.8546214039932e-05	 2.1290242429497e-02
-2.0357520395262e-02	 2.0609709486444e-02	 7.8578262468065e-05	 2.0530897182051e-02
-1.9980529276831e-02	 1.9863776706327e-02	 7.8610333846211e-05	 1.9784932330556e-02
-1.9603538158400e-02	 1.9131253710046e-02	 7.8642428301015e-05	 1.9052377239821e-02
-1.9226547039970e-02	 1.8412169399211e-02	 7.8674545958370e-05	 1.8333260811328e-02
-1.8849555921539e-02	 1.7706552210615e-02	 7.8706686942844e-05	 1.7627611481747e-02
-1.8472564803108e-02	 1.7014430114594e-02	 7.8738851377093e-05	 1.6935457221293e-02
-1.8095573684677e-02	 1.6335830613541e-02	 7.8771039381254e-05	 1.6256825532236e-02
-1.7718582566246e-02	 1.5670780740254e-02	 7.8803251072327e-05	 1.5591743447258e-02
-1.7341591447816e-02	 1.5019307056519e-02	 7.8835486563543e-05	 1.4940237528032e-02
-1.6964600329385e-02	 1.4381435651571e-02	 7.8867745963725e-05	 1.4302333863683e-02
-1.6587609210954e-02	 1.3757192140663e-02	 7.8900029376637e-05	 1.3678058069362e-02
-1.6210618092523e-02	 1.3146601663586e-02	 7.8932336900343e-05	 1.3067435284762e-02
-1.5833626974093e-02	 1.2549688883284e-02	 7.8964668626557e-05	 1.2470490172733e-02
-1.5456635855662e-02	 1.1966477984385e-02	 7.8997024640000e-05	 1.1887246917821e-02
-1.5079644737231e-02	 1.1396992671926e-02	 7.9029405017772e-05	 1.1317729224984e-02
-1.4702653618800e-02	 1.0841256169943e-02	 7.9061809828727e-05	 1.0761960318190e-02
-1.4325662500369e-02	 1.0299291220103e-02	 7.9094239132873e-05	 1.0219962939046e-02
-1.3948671381939e-02	 9.7711200805006e-03	 7.9126692980783e-05	 9.6917593455955e-03
-1.3571680263508e-02	 9.2567645243065e-03	 7.9159171413044e-05	 9.1773713109692e-03
-1.3194689145077e-02	 8.7562458384977e-03	 7.9191674459713e-05	 8.6768201221137e-03
-1.2817698026646e-02	 8.2695848226832e-03	 7.9224202139829e-05	 8.1901265786191e-03
-1.2440706908216e-02	 7.7968017878602e-03	 7.9256754460938e-05	 7.7173109914750e-03
-1.2063715789785e-02	 7.3379165552196e-03	 7.9289331418671e-05	 7.2583931818766e-03
-1.1686724671354e-02	 6.8929484549853e-03	 7.9321932996366e-05	 6.8133924800646e-03
-1.1309733552923e-02	 6.4619163253342e-03	 7.9354559164721e-05	 6.3823277242452e-03
-1.0932742434492e-02	 6.0448385111900e-03	 7.9387209881515e-05	 5.9652172593841e-03
-1.0555751316062e-02	 5.6417328632117e-03	 7.9419885091366e-05	 5.5620789361960e-03
-1.0178760197631e-02	 5.2526167366998e-03	 7.9452584725557e-05	 5.1729301100499e-03
-9.8017690792002e-03	 4.8775069905401e-03	 7.9485308701912e-05	 4.7977876399139e-03
-9.4247779607694e-03	 4.5164199862257e-03	 7.9518056924732e-05	 4.4366678873766e-03
-9.0477868423386e-03	 4.1693715868345e-03	 7.9550829284802e-05	 4.0895867156254e-03
-8.6707957239078e-03	 3.8363771561006e-03	 7.9583625659452e-05	 3.7565594885168e-03
-8.2938046054771e-03	 3.5174515574503e-03	 7.9616445912690e-05	 3.4376010696133e-03
-7.9168134870463e-03	 3.2126091530664e-03	 7.9649289895404e-05	 3.1327258212467e-03
-7.5398223686155e-03	 2.9218638030789e-03	 7.9682157445625e-05	 2.8419476037089e-03
-7.1628312501847e-03	 2.6452288645515e-03	 7.9715048388868e-05	 2.5652797742384e-03
-6.7858401317540e-03	 2.3827171908512e-03	 7.9747962538533e-05	 2.3027351863883e-03
-6.4088490133232e-03	 2.1343411306270e-03	 7.9780899696382e-05	 2.0543261890064e-03
-6.0318578948924e-03	 1.9001125271521e-03	 7.9813859653075e-05	 1.8200646255747e-03
-5.6548667764616e-03	 1.6800427175285e-03	 7.9846842188789e-05	 1.5999618334154e-03
-5.2778756580309e-03	 1.4741425319261e-03	 7.9879847073883e-05	 1.3940286429279e-03
-4.9008845396001e-03	 1.2824222928873e-03	 7.9912874069646e-05	 1.2022753768933e-03
-4.5238934211693e-03	 1.1048918146449e-03	 7.9945922929089e-05	 1.0247118497915e-03
-4.1469023027385e-03	 9.4156040246095e-04	 7.9978993397811e-05	 8.6134736713883e-04
-3.7699111843078e-03	 7.9243685197708e-04	 8.0012085214915e-05	 7.1219072483786e-04
-3.3929200658770e-03	 6.5752944862163e-04	 8.0045198113976e-05	 5.7725020858335e-04
-3.0159289474462e-03	 5.3684596700574e-04	 8.0078331824062e-05	 4.5653359325737e-04
-2.6389378290154e-03	 4.3039367039858e-04	 8.0111486070800e-05	 3.5004814240347e-04
-2.2619467105847e-03	 3.3817931015746e-04	 8.0144660577478e-05	 2.5780060765568e-04
-1.8849555921539e-03	 2.6020912521797e-04	 8.0177855066191e-05	 1.7979722822747e-04
-1.5079644737231e-03	 1.9648884167444e-04	 8.0211069259013e-05	 1.1604373049112e-04
-1.1309733552923e-03	 1.4702367224006e-04	 8.0244302879199e-05	 6.6545327436551e-05
-7.5398223686155e-04	 1.1181831589501e-04	 8.0277555652403e-05	 3.1306718318302e-05
-3.7699111843078e-04	 9.0876957425341e-05	 8.0310827307915e-05	 1.0332088193121e-05
 0.0000000000000e+00	 8.4203267057019e-05	 8.0344117579906e-05	 3.6251075528071e-06
 3.7699111843078e-04	 9.1800400146223e-05	 8.0377426208678e-05	 1.1188932013240e-05
 7.5398223686155e-04	 1.1367099678057e-04	 8.0410752941900e-05	 3.3026201914366e-05
 1.1309733552923e-03	 1.4981718157685e-04	 8.0444097535852e-05	 6.9139042116695e-05
 1.5079644737231e-03	 2.0024056327379e-04	 8.0477459756639e-05	 1.1952906159285e-04
 1.8849555921539e-03	 2.6494223462878e-04	 8.0510839381384e-05	 1.8419735332309e-04
 2.2619467105847e-03	 3.4392277208674e-04	 8.0544236199402e-05	 2.6314449396303e-04
 2.6389378290154e-03	 4.3718223563527e-04	 8.0577650013326e-05	 3.5637054369764e-04
 3.0159289474462e-03	 5.4472016861089e-04	 8.0611080640197e-05	 4.6387504604639e-04
 3.3929200658770e-03	 6.6653559758152e-04	 8.0644527912507e-05	 5.8565702774471e-04
 3.7699111843078e-03	 8.0262703222844e-04	 8.0677991679187e-05	 7.2171499862494e-04
 4.1469023027385e-03	 9.5299246516568e-04	 8.0711471806537e-05	 8.7204695143484e-04
 4.5238934211693e-03	 1.1176293720230e-03	 8.0744968179082e-05	 1.0366503619196e-03
 4.9008845396001e-03	 1.2965347112686e-03	 8.0778480700373e-05	 1.2155221886440e-03
 5.2778756580309e-03	 1.4897049242953e-03	 8.0812009293695e-05	 1.4086588730773e-03
 5.6548667764616e-03	 1.6971359353417e-03	 8.0845553902708e-05	 1.6160563395147e-03
 6.0318578948924e-03	 1.9188231516031e-03	 8.0879114491996e-05	 1.8377099951868e-03
 6.4088490133232e-03	 2.1547614632255e-03	 8.0912691047533e-05	 2.0736147302537e-03
 6.7858401317540e-03	 2.4049452434778e-03	 8.0946283577047e-05	 2.3237649179765e-03
 7.1628312501847e-03	 2.6693683487841e-03	 8.0979892110297e-05	 2.5881544147495e-03
 7.5398223686155e-03	 2.9480241188837e-03	 8.1013516699257e-05	 2.8667765602601e-03
 7.9168134870463e-03	 3.2409053770609e-03	 8.1047157418182e-05	 3.1596241777184e-03
 8.2938046054771e-03	 3.5480044302218e-03	 8.1080814363593e-05	 3.4666895739339e-03
 8.6707957239078e-03	 3.8693130692140e-03	 8.1114487654147e-05	 3.7879645396356e-03
 9.0477868423386e-03	 4.2048225689840e-03	 8.1148177430412e-05	 4.1234403496293e-03
 9.4247779607694e-03	 4.5545236889118e-03	 8.1181883854525e-05	 4.4731077631329e-03
 9.8017690792002e-03	 4.9184066731066e-03	 8.1215607109768e-05	 4.8369570240725e-03
 1.0178760197631e-02	 5.2964612506359e-03	 8.1249347400028e-05	 5.2149778613115e-03
 1.0555751316062e-02	 5.6886766359899e-03	 8.1283104949162e-05	 5.6071594891164e-03
 1.0932742434492e-02	 6.0950415293541e-03	 8.1316880000262e-05	 6.0134906074295e-03
 1.1309733552923e-02	 6.5155441170616e-03	 8.1350672814836e-05	 6.4339594023225e-03
 1.1686724671354e-02	 6.9501720719967e-03	 8.1384483671882e-05	 6.8685535464005e-03
 1.2063715789785e-02	 7.3989125540718e-03	 8.1418312866885e-05	 7.3172601992806e-03
 1.2440706908216e-02	 7.8617522106124e-03	 8.1452160710730e-05	 7.7800660079773e-03
 1.2817698026646e-02	 8.3386771769741e-03	 8.1486027528535e-05	 8.2569571075213e-03
 1.3194689145077e-02	 8.8296730769952e-03	 8.1519913658406e-05	 8.7479191214125e-03
 1.3571680263508e-02	 9.3347250235317e-03	 8.1553819450139e-05	 9.2529371621572e-03
 1.3948671381939e-02	 9.8538176191090e-03	 8.1587745263838e-05	 9.7719958319209e-03
 1.4325662500369e-02	 1.0386934956445e-02	 8.1621691468503e-05	 1.0305079223052e-02
 1.4702653618800e-02	 1.0934060619108e-02	 8.1655658440550e-05	 1.0852170918743e-02
 1.5079644737231e-02	 1.1495177682215e-02	 8.1689646562298e-05	 1.1413253993728e-02
 1.5456635855662e-02	 1.2070268712990e-02	 8.1723656220422e-05	 1.1988311014846e-02
 1.5833626974093e-02	 1.2659315771619e-02	 8.1757687804379e-05	 1.2577324041890e-02
 1.6210618092523e-02	 1.3262300411855e-02	 8.1791741704815e-05	 1.3180274628226e-02
 1.6587609210954e-02	 1.3879203681860e-02	 8.1825818311959e-05	 1.3797143821624e-02
 1.6964600329385e-02	 1.4510006124903e-02	 8.1859918014022e-05	 1.4427912164965e-02
 1.7341591447816e-02	 1.5154687780256e-02	 8.1894041195588e-05	 1.5072559697136e-02
 1.7718582566246e-02	 1.5813228183955e-02	 8.1928188236033e-05	 1.5731065953795e-02
 1.8095573684677e-02	 1.6485606369705e-02	 8.1962359507956e-05	 1.6403409968273e-02
 1.8472564803108e-02	 1.7171800869721e-02	 8.1996555375643e-05	 1.7089570272421e-02
 1.8849555921539e-02	 1.7871789715684e-02	 8.2030776193570e-05	 1.7789524897566e-02
 1.9226547039970e-02	 1.8585550439630e-02	 8.2065022304949e-05	 1.8503251375401e-02
 1.9603538158400e-02	 1.9313060074953e-02	 8.2099294040324e-05	 1.9230726738989e-02
 1.9980529276831e-02	 2.0054295157335e-02	 8.2133591716238e-05	 1.9971927523694e-02
 2.0357520395262e-02	 2.0809231725831e-02	 8.2167915633953e-05	 2.0726829768273e-02
 2.0734511513693e-02	 2.1577845323837e-02	 8.2202266078255e-05	 2.1495409015834e-02
 2.1111502632123e-02	 2.2360111000188e-02	 8.2236643316337e-05	 2.2277640314947e-02
 2.1488493750554e-02	 2.3156003310238e-02	 8.2271047596761e-05	 2.3073498220717e-02
 2.1865484868985e-02	 2.3965496316979e-02	 8.2305479148524e-05	 2.3882956795906e-02
 2.2242475987416e-02	 2.4788563592150e-02	 8.2339938180210e-05	 2.4705989612045e-02
 2.2619467105847e-02	 2.5625178217463e-02	 8.2374424879248e-05	 2.5542569750659e-02
 2.2996458224277e-02	 2.6475312785712e-02	 8.2408939411273e-05	 2.6392669804376e-02
 2.3373449342708e-02	 2.7338939402035e-02	 8.2443481919598e-05	 2.7256261878192e-02
 2.3750440461139e-02	 2.8216029685161e-02	 8.2478052524796e-05	 2.8133317590712e-02
 2.4127431579570e-02	 2.9106554768635e-02	 8.2512651324392e-05	 2.9023808075386e-02
 2.4504422698000e-02	 3.0010485302136e-02	 8.2547278392674e-05	 2.9927703981819e-02
 2.4881413816431e-02	 3.0927791452792e-02	 8.2581933780613e-05	 3.0844975477087e-02
 2.5258404934862e-02	 3.1858442906504e-02	 8.2616617515909e-05	 3.1775592247064e-02
 2.5635396053293e-02	 3.2802408869291e-02	 8.2651329603146e-05	 3.2719523497763e-02
 2.6012387171723e-02	 3.3759658068760e-02	 8.2686070024053e-05	 3.3676737956812e-02
 2.6389378290154e-02	 3.4730158755381e-02	 8.2720838737897e-05	 3.4647203874719e-02
 2.6766369408585e-02	 3.5713878704075e-02	 8.2755635681966e-05	 3.5630889026468e-02
 2.7143360527016e-02	 3.6710785215570e-02	 8.2790460772172e-05	 3.6627760712873e-02
 2.7520351645447e-02	 3.7720845117923e-02	 8.2825313903753e-05	 3.7637785762095e-02
 2.7897342763877e-02	 3.8744024768050e-02	 8.2860194952073e-05	 3.8660930531174e-02
 2.8274333882308e-02	 3.9780290053175e-02	 8.2895103773525e-05	 3.9697160907477e-02
 2.8651325000739e-02	 4.0829606392547e-02	 8.2930040206506e-05	 4.0746442310416e-02
 2.9028316119170e-02	 4.1891938738852e-02	 8.2965004072502e-05	 4.1808739692855e-02
 2.9405307237600e-02	 4.2967251579920e-02	 8.2999995177226e-05	 4.2884017542818e-02
 2.9782298356031e-02	 4.4055508940326e-02	 8.3035013311847e-05	 4.3972239885090e-02
 3.0159289474462e-02	 4.5156674383052e-02	 8.3070058254269e-05	 4.5073370282873e-02
 3.0536280592893e-02	 4.6270711011133e-02	 8.3105129770483e-05	 4.6187371839438e-02
 3.0913271711324e-02	 4.7397581469406e-02	 8.3140227615950e-05	 4.7314207199865e-02
 3.1290262829754e-02	 4.8537247946199e-02	 8.3175351537051e-05	 4.8453838552738e-02
 3.1667253948185e-02	 4.9689672175077e-02	 8.3210501272550e-05	 4.9606227631880e-02
 3.2044245066616e-02	 5.0854815436633e-02	 8.3245676555098e-05	 5.0771335718154e-02
 3.2421236185047e-02	 5.2032638560242e-02	 8.3280877112749e-05	 5.1949123641205e-02
 3.2798227303477e-02	 5.3223101925919e-02	 8.3316102670490e-05	 5.3139551781324e-02
 3.3175218421908e-02	 5.4426165466151e-02	 8.3351352951772e-05	 5.4342580071275e-02
 3.3552209540339e-02	 5.5641788667682e-02	 8.3386627680040e-05	 5.5558167998078e-02
 3.3929200658770e-02	 5.6869930573512e-02	 8.3421926580240e-05	 5.6786274605007e-02
 3.4306191777201e-02	 5.8110549784721e-02	 8.3457249380317e-05	 5.8026858493416e-02
 3.4683182895631e-02	 5.9363604462401e-02	 8.3492595812669e-05	 5.9279877824664e-02
 3.5060174014062e-02	 6.0629052329619e-02	 8.3527965615582e-05	 6.0545290322079e-02
 3.5437165132493e-02	 6.1906850673429e-02	 8.3563358534602e-05	 6.1823053272971e-02
 3.5814156250924e-02	 6.3196956346758e-02	 8.3598774323874e-05	 6.3113123530509e-02
 3.6191147369354e-02	 6.4499325770502e-02	 8.3634212747407e-05	 6.4415457515830e-02
 3.6568138487785e-02	 6.5813914935530e-02	 8.3669673580283e-05	 6.5730011220026e-02
 3.6945129606216e-02	 6.7140679404755e-02	 8.3705156609801e-05	 6.7056740206221e-02
 3.7322120724647e-02	 6.8479574315178e-02	 8.3740661636528e-05	 6.8395599611617e-02
 3.7699111843078e-02	 6.9830554380011e-02	 8.3776188475287e-05	 6.9746544149612e-02
 3.8076102961508e-02	 7.1193573890794e-02	 8.3811736956054e-05	 7.1109528111914e-02
 3.8453094079939e-02	 7.2568586719532e-02	 8.3847306924754e-05	 7.2484505370683e-02
 3.8830085198370e-02	 7.3955546320802e-02	 8.3882898243984e-05	 7.3871429380634e-02
 3.9207076316801e-02	 7.5354405734029e-02	 8.3918510793619e-05	 7.5270253181311e-02
 3.9584067435231e-02	 7.6765117585611e-02	 8.3954144471340e-05	 7.6680929399215e-02
 3.9961058553662e-02	 7.8187634091114e-02	 8.3989799193041e-05	 7.8103410249997e-02
 4.0338049672093e-02	 7.9621907057662e-02	 8.4025474893148e-05	 7.9537647540845e-02
 4.0715040790524e-02	 8.1067887885973e-02	 8.4061171524835e-05	 8.0983592672524e-02
 4.1092031908954e-02	 8.2525527572812e-02	 8.4096889060126e-05	 8.2441196641828e-02
 4.1469023027385e-02	 8.3994776713222e-02	 8.4132627489909e-05	 8.3910410043808e-02
 4.1846014145816e-02	 8.5475585502851e-02	 8.4168386823840e-05	 8.5391183074103e-02
 4.2223005264247e-02	 8.6967903740268e-02	 8.4204167090153e-05	 8.6883465531253e-02
 4.2599996382678e-02	 8.8471680829379e-02	 8.4239968335363e-05	 8.8387206819119e-02
 4.2976987501108e-02	 8.9986865781718e-02	 8.4275790623894e-05	 8.9902355949170e-02
 4.3353978619539e-02	 9.1513407218886e-02	 8.4311634037598e-05	 9.1428861542924e-02
 4.3730969737970e-02	 9.3051253375008e-02	 8.4347498675188e-05	 9.2966671834409e-02
 4.4107960856401e-02	 9.4600352099082e-02	 8.4383384651605e-05	 9.4515734672507e-02
 4.4484951974831e-02	 9.6160650857493e-02	 8.4419292097283e-05	 9.6075997523472e-02
 4.4861943093262e-02	 9.7732096736404e-02	 8.4455221157364e-05	 9.7647407473323e-02
 4.5238934211693e-02	 9.9314636444383e-02	 8.4491171990826e-05	 9.9229911230467e-02
 4.5615925330124e-02	 1.0090821631474e-01	 8.4527144769565e-05	 1.0082345512805e-01
 4.5992916448555e-02	 1.0251278230821e-01	 8.4563139677404e-05	 1.0242798512660e-01
 4.6369907566985e-02	 1.0412828001534e-01	 8.4599156909076e-05	 1.0404344681651e-01
 4.6746898685416e-02	 1.0575465465922e-01	 8.4635196669140e-05	 1.0566978542062e-01
 4.7123889803847e-02	 1.0739185109788e-01	 8.4671259170876e-05	 1.0730694579678e-01
 4.7500880922278e-02	 1.0903981382705e-01	 8.4707344635145e-05	 1.0895487244049e-01
 4.7877872040708e-02	 1.1069848698266e-01	 8.4743453289233e-05	 1.1061350948745e-01
 4.8254863159139e-02	 1.1236781434353e-01	 8.4779585365667e-05	 1.1228280071624e-01
 4.8631854277570e-02	 1.1404773933400e-01	 8.4815741101030e-05	 1.1396268955098e-01
 4.9008845396001e-02	 1.1573820502660e-01	 8.4851920734783e-05	 1.1565311906394e-01
 4.9385836514432e-02	 1.1743915414471e-01	 8.4888124508071e-05	 1.1735403197827e-01
 4.9762827632862e-02	 1.1915052906531e-01	 8.4924352662559e-05	 1.1906537067072e-01
 5.0139818751293e-02	 1.2087227182164e-01	 8.4960605439276e-05	 1.2078707717428e-01
 5.0516809869724e-02	 1.2260432410597e-01	 8.4996883077492e-05	 1.2251909318097e-01
 5.0893800988155e-02	 1.2434662727236e-01	 8.5033185813609e-05	 1.2426136004462e-01
 5.1270792106585e-02	 1.2609912233939e-01	 8.5069513880108e-05	 1.2601381878359e-01
 5.1647783225016e-02	 1.2786174999296e-01	 8.5105867504524e-05	 1.2777641008353e-01
 5.2024774343447e-02	 1.2963445058909e-01	 8.5142246908469e-05	 1.2954907430026e-01
 5.2401765461878e-02	 1.3141716415675e-01	 8.5178652306711e-05	 1.3133175146252e-01
 5.2778756580309e-02	 1.3320983040068e-01	 8.5215083906307e-05	 1.3312438127485e-01
 5.3155747698739e-02	 1.3501238870418e-01	 8.5251541905794e-05	 1.3492690312035e-01
 5.3532738817170e-02	 1.3682477813213e-01	 8.5288026494439e-05	 1.3673925606372e-01
 5.3909729935601e-02	 1.3864693743367e-01	 8.5324537851567e-05	 1.3856137885389e-01
 5.4286721054032e-02	 1.4047880504520e-01	 8.5361076145950e-05	 1.4039320992713e-01
 5.4663712172462e-02	 1.4232031909336e-01	 8.5397641535262e-05	 1.4223468740990e-01
 5.5040703290893e-02	 1.4417141739776e-01	 8.5434234165623e-05	 1.4408574912167e-01
 5.5417694409324e-02	 1.4603203747407e-01	 8.5470854171205e-05	 1.4594633257797e-01
 5.5794685527755e-02	 1.4790211653697e-01	 8.5507501673915e-05	 1.4781637499338e-01
 5.6171676646185e-02	 1.4978159150304e-01	 8.5544176783158e-05	 1.4969581328433e-01
 5.6548667764616e-02	 1.5167039899375e-01	 8.5580879595675e-05	 1.5158458407223e-01
 5.6925658883047e-02	 1.5356847533855e-01	 8.5617610195451e-05	 1.5348262368643e-01
 5.7302650001478e-02	 1.5547575657776e-01	 8.5654368653710e-05	 1.5538986816718e-01
 5.7679641119909e-02	 1.5739217846565e-01	 8.5691155028965e-05	 1.5730625326869e-01
 5.8056632238339e-02	 1.5931767647351e-01	 8.5727969367160e-05	 1.5923171446222e-01
 5.8433623356770e-02	 1.6125218579264e-01	 8.5764811701860e-05	 1.6116618693901e-01
 5.8810614475201e-02	 1.6319564133740e-01	 8.5801682054533e-05	 1.6310960561342e-01
 5.9187605593632e-02	 1.6514797774839e-01	 8.5838580434866e-05	 1.6506190512603e-01
 5.9564596712062e-02	 1.6710912939542e-01	 8.5875506841167e-05	 1.6702301984666e-01
 5.9941587830493e-02	 1.6907903038066e-01	 8.5912461260814e-05	 1.6899288387747e-01
 6.0318578948924e-02	 1.7105761454175e-01	 8.5949443670754e-05	 1.7097143105616e-01
 6.0695570067355e-02	 1.7304481545498e-01	 8.5986454038053e-05	 1.7295859495901e-01
 6.1072561185786e-02	 1.7504056643832e-01	 8.6023492320500e-05	 1.7495430890407e-01
 6.1449552304216e-02	 1.7704480055463e-01	 8.6060558467233e-05	 1.7695850595424e-01
 6.1826543422647e-02	 1.7905745061483e-01	 8.6097652419422e-05	 1.7897111892049e-01
 6.2203534541078e-02	 1.8107844918109e-01	 8.6134774110961e-05	 1.8099208036506e-01
 6.2580525659509e-02	 1.8310772856990e-01	 8.6171923469207e-05	 1.8302132260451e-01
 6.2957516777939e-02	 1.8514522085543e-01	 8.6209100415719e-05	 1.8505877771309e-01
 6.3334507896370e-02	 1.8719085787261e-01	 8.6246304867031e-05	 1.8710437752581e-01
 6.3711499014801e-02	 1.8924457122035e-01	 8.6283536735424e-05	 1.8915805364169e-01
 6.4088490133232e-02	 1.9130629226488e-01	 8.6320795929709e-05	 1.9121973742703e-01
 6.4465481251663e-02	 1.9337595214286e-01	 8.6358082356011e-05	 1.9328936001858e-01
 6.4842472370093e-02	 1.9545348176467e-01	 8.6395395918544e-05	 1.9536685232683e-01
 6.5219463488524e-02	 1.9753881181770e-01	 8.6432736520388e-05	 1.9745214503925e-01
 6.5596454606955e-02	 1.9963187276955e-01	 8.6470104064239e-05	 1.9954516862356e-01
 6.5973445725386e-02	 2.0173259487134e-01	 8.6507498453156e-05	 2.0164585333096e-01
 6.6350436843816e-02	 2.0384090816103e-01	 8.6544919591276e-05	 2.0375412919951e-01
 6.6727427962247e-02	 2.0595674246665e-01	 8.6582367384507e-05	 2.0586992605734e-01
 6.7104419080678e-02	 2.0808002740958e-01	 8.6619841741198e-05	 2.0799317352592e-01
 6.7481410199109e-02	 2.1021069240803e-01	 8.6657342572763e-05	 2.1012380102353e-01
 6.7858401317540e-02	 2.1234866668010e-01	 8.6694869794285e-05	 2.1226173776838e-01
 6.8235392435970e-02	 2.1449387924732e-01	 8.6732423325073e-05	 2.1440691278207e-01
 6.8612383554401e-02	 2.1664625893787e-01	 8.6770003089175e-05	 2.1655925489286e-01
 6.8989374672832e-02	 2.1880573438999e-01	 8.6807609015859e-05	 2.1871869273905e-01
 6.9366365791263e-02	 2.2097223405530e-01	 8.6845241040041e-05	 2.2088515477234e-01
 6.9743356909693e-02	 2.2314568620209e-01	 8.6882899102669e-05	 2.2305856926106e-01
 7.0120348028124e-02	 2.2532601891882e-01	 8.6920583151057e-05	 2.2523886429375e-01
 7.0497339146555e-02	 2.2751316011741e-01	 8.6958293139173e-05	 2.2742596778234e-01
 7.0874330264986e-02	 2.2970703753659e-01	 8.6996029027881e-05	 2.2961980746564e-01
 7.1251321383416e-02	 2.3190757874539e-01	 8.7033790785127e-05	 2.3182031091268e-01
 7.1628312501847e-02	 2.3411471114640e-01	 8.7071578386080e-05	 2.3402740552609e-01
 7.2005303620278e-02	 2.3632836197927e-01	 8.7109391813219e-05	 2.3624101854553e-01
 7.2382294738709e-02	 2.3854845832409e-01	 8.7147231056381e-05	 2.3846107705111e-01
 7.2759285857140e-02	 2.4077492710477e-01	 8.7185096112752e-05	 2.4068750796674e-01
 7.3136276975570e-02	 2.4300769509245e-01	 8.7222986986820e-05	 2.4292023806354e-01
 7.3513268094001e-02	 2.4524668890901e-01	 8.7260903690275e-05	 2.4515919396340e-01
 7.3890259212432e-02	 2.4749183503039e-01	 8.7298846241871e-05	 2.4740430214222e-01
 7.4267250330863e-02	 2.4974305979004e-01	 8.7336814667249e-05	 2.4965548893345e-01
 7.4644241449293e-02	 2.5200028938246e-01	 8.7374808998716e-05	 2.5191268053153e-01
 7.5021232567724e-02	 2.5426344986649e-01	 8.7412829274988e-05	 2.5417580299529e-01
 7.5398223686155e-02	 2.5653246716887e-01	 8.7450875540911e-05	 2.5644478225140e-01
 7.5775214804586e-02	 2.5880726708761e-01	 8.7488947847127e-05	 2.5871954409784e-01
 7.6152205923017e-02	 2.6108777529555e-01	 8.7527046249739e-05	 2.6100001420738e-01
 7.6529197041447e-02	 2.6337391734372e-01	 8.7565170809925e-05	 2.6328611813098e-01
 7.6906188159878e-02	 2.6566561866482e-01	 8.7603321593554e-05	 2.6557778130130e-01
 7.7283179278309e-02	 2.6796280457674e-01	 8.7641498670763e-05	 2.6787492903615e-01
 7.7660170396740e-02	 2.7026540028599e-01	 8.7679702115530e-05	 2.7017748654195e-01
 7.8037161515170e-02	 2.7257333089118e-01	 8.7717932005226e-05	 2.7248537891725e-01
 7.8414152633601e-02	 2.7488652138649e-01	 8.7756188420169e-05	 2.7479853115615e-01
 7.8791143752032e-02	 2.7720489666517e-01	 8.7794471443158e-05	 2.7711686815180e-01
 7.9168134870463e-02	 2.7952838152301e-01	 8.7832781159010e-05	 2.7944031469993e-01
 7.9545125988894e-02	 2.8185690066185e-01	 8.7871117654105e-05	 2.8176879550227e-01
 7.9922117107324e-02	 2.8419037869300e-01	 8.7909481015918e-05	 2.8410223517006e-01
 8.0299108225755e-02	 2.8652874014080e-01	 8.7947871332567e-05	 2.8644055822755e-01
 8.0676099344186e-02	 2.8887190944615e-01	 8.7986288692370e-05	 2.8878368911553e-01
 8.1053090462617e-02	 2.9121981096984e-01	 8.8024733183409e-05	 2.9113155219473e-01
 8.1430081581047e-02	 2.9357236899623e-01	 8.8063204893110e-05	 2.9348407174941e-01
 8.1807072699478e-02	 2.9592950773665e-01	 8.8101703907844e-05	 2.9584117199081e-01
 8.2184063817909e-02	 2.9829115133291e-01	 8.8140230312532e-05	 2.9820277706067e-01
 8.2561054936340e-02	 3.0065722386081e-01	 8.8178784190290e-05	 3.0056881103470e-01
 8.2938046054771e-02	 3.0302764933368e-01	 8.8217365622084e-05	 3.0293919792614e-01
 8.3315037173201e-02	 3.0540235170579e-01	 8.8255974686408e-05	 3.0531386168918e-01
 8.3692028291632e-02	 3.0778125487594e-01	 8.8294611458996e-05	 3.0769272622255e-01
 8.4069019410063e-02	 3.1016428269091e-01	 8.8333276012553e-05	 3.1007571537297e-01
 8.4446010528494e-02	 3.1255135894901e-01	 8.8371968416517e-05	 3.1246275293867e-01
 8.4823001646924e-02	 3.1494240740354e-01	 8.8410688736851e-05	 3.1485376267288e-01
 8.5199992765355e-02	 3.1733735176630e-01	 8.8449437035860e-05	 3.1724866828734e-01
 8.5576983883786e-02	 3.1973611571115e-01	 8.8488213372041e-05	 3.1964739345586e-01
 8.5953975002217e-02	 3.2213862287740e-01	 8.8527017799960e-05	 3.2204986181768e-01
 8.6330966120648e-02	 3.2454479687341e-01	 8.8565850370161e-05	 3.2445599698111e-01
 8.6707957239078e-02	 3.2695456128006e-01	 8.8604711129105e-05	 3.2686572252700e-01
 8.7084948357509e-02	 3.2936783965423e-01	 8.8643600119133e-05	 3.2927896201219e-01
 8.7461939475940e-02	 3.3178455553233e-01	 8.8682517378463e-05	 3.3169563897302e-01
 8.7838930594371e-02	 3.3420463243376e-01	 8.8721462941213e-05	 3.3411567692889e-01
 8.8215921712801e-02	 3.3662799386444e-01	 8.8760436837451e-05	 3.3653899938568e-01
 8.8592912831232e-02	 3.3905456332026e-01	 8.8799439093268e-05	 3.3896552983924e-01
 8.8969903949663e-02	 3.4148426429063e-01	 8.8838469730880e-05	 3.4139519177897e-01
 8.9346895068094e-02	 3.4391702026190e-01	 8.8877528768752e-05	 3.4382790869121e-01
 8.9723886186524e-02	 3.4635275472088e-01	 8.8916616221738e-05	 3.4626360406274e-01
 9.0100877304955e-02	 3.4879139115837e-01	 8.8955732101250e-05	 3.4870220138434e-01
 9.0477868423386e-02	 3.5123285307250e-01	 8.8994876415446e-05	 3.5114362415416e-01
 9.0854859541817e-02	 3.5367706397234e-01	 8.9034049169420e-05	 3.5358779588125e-01
 9.1231850660248e-02	 3.5612394738134e-01	 8.9073250365429e-05	 3.5603464008905e-01
 9.1608841778678e-02	 3.5857342684078e-01	 8.9112480003111e-05	 3.5848408031885e-01
 9.1985832897109e-02	 3.6102542591319e-01	 8.9151738079736e-05	 3.6093604013319e-01
 9.2362824015540e-02	 3.6347986818590e-01	 8.9191024590447e-05	 3.6339044311939e-01
 9.2739815133971e-02	 3.6593667727448e-01	 8.9230339528526e-05	 3.6584721289303e-01
 9.3116806252401e-02	 3.6839577682611e-01	 8.9269682885652e-05	 3.6830627310130e-01
 9.3493797370832e-02	 3.7085709052311e-01	 8.9309054652165e-05	 3.7076754742653e-01
 9.3870788489263e-02	 3.7332054208638e-01	 8.9348454817341e-05	 3.7323095958964e-01
 9.4247779607694e-02	 3.7578605527879e-01	 8.9387883369664e-05	 3.7569643335350e-01
 9.4624770726125e-02	 3.7825355390863e-01	 8.9427340297079e-05	 3.7816389252641e-01
 9.5001761844555e-02	 3.8072296183308e-01	 8.9466825587274e-05	 3.8063326096557e-01
 9.5378752962986e-02	 3.8319420296157e-01	 8.9506339227924e-05	 3.8310446258042e-01
 9.5755744081417e-02	 3.8566720125919e-01	 8.9545881206954e-05	 3.8557742133606e-01
 9.6132735199848e-02	 3.8814188075024e-01	 8.9585451512777e-05	 3.8805206125680e-01
 9.6509726318278e-02	 3.9061816552140e-01	 8.9625050134529e-05	 3.9052830642935e-01
 9.6886717436709e-02	 3.9309597972532e-01	 8.9664677062295e-05	 3.9300608100633e-01
 9.7263708555140e-02	 3.9557524758395e-01	 8.9704332287321e-05	 3.9548530920974e-01
 9.7640699673571e-02	 3.9805589339188e-01	 8.9744015802214e-05	 3.9796591533415e-01
 9.8017690792002e-02	 4.0053784151977e-01	 8.9783727601118e-05	 4.0044782375024e-01
 9.8394681910432e-02	 4.0302101641773e-01	 8.9823467679899e-05	 4.0293095890813e-01
 9.8771673028863e-02	 4.0550534261862e-01	 8.9863236036286e-05	 4.0541524534066e-01
 9.9148664147294e-02	 4.0799074474147e-01	 8.9903032670016e-05	 4.0790060766688e-01
 9.9525655265725e-02	 4.1047714749476e-01	 8.9942857582959e-05	 4.1038697059526e-01
 9.9902646384155e-02	 4.1296447567988e-01	 8.9982710779211e-05	 4.1287425892718e-01
 1.0027963750259e-01	 4.1545265419431e-01	 9.0022592265199e-05	 4.1536239756012e-01
 1.0065662862102e-01	 4.1794160803502e-01	 9.0062502049738e-05	 4.1785131149104e-01
 1.0103361973945e-01	 4.2043126230184e-01	 9.0102440144088e-05	 4.2034092581977e-01
 1.0141061085788e-01	 4.2292154220065e-01	 9.0142406561999e-05	 4.2283116575217e-01
 1.0178760197631e-01	 4.2541237304677e-01	 9.0182401319721e-05	 4.2532195660352e-01
 1.0216459309474e-01	 4.2790368026821e-01	 9.0222424436013e-05	 4.2781322380185e-01
 1.0254158421317e-01	 4.3039538940896e-01	 9.0262475932129e-05	 4.3030489289111e-01
 1.0291857533160e-01	 4.3288742613224e-01	 9.0302555831794e-05	 4.3279688953448e-01
 1.0329556645003e-01	 4.3537971622383e-01	 9.0342664161157e-05	 4.3528913951774e-01
 1.0367255756846e-01	 4.3787218559520e-01	 9.0382800948744e-05	 4.3778156875233e-01
 1.0404954868689e-01	 4.4036476028689e-01	 9.0422966225379e-05	 4.4027410327874e-01
 1.0442653980532e-01	 4.4285736647167e-01	 9.0463160024106e-05	 4.4276666926972e-01
 1.0480353092376e-01	 4.4534993045775e-01	 9.0503382380104e-05	 4.4525919303344e-01
 1.0518052204219e-01	 4.4784237869200e-01	 9.0543633330574e-05	 4.4775160101674e-01
 1.0555751316062e-01	 4.5033463776323e-01	 9.0583912914629e-05	 4.5024381980839e-01
 1.0593450427905e-01	 4.5282663440527e-01	 9.0624221173181e-05	 4.5273577614217e-01
 1.0631149539748e-01	 4.5531829550019e-01	 9.0664558148802e-05	 4.5522739690012e-01
 1.0668848651591e-01	 4.5780954808154e-01	 9.0704923885596e-05	 4.5771860911573e-01
 1.0706547763434e-01	 4.6030031933738e-01	 9.0745318429059e-05	 4.6020933997702e-01
 1.0744246875277e-01	 4.6279053661353e-01	 9.0785741825933e-05	 4.6269951682978e-01
 1.0781945987120e-01	 4.6528012741666e-01	 9.0826194124063e-05	 4.6518906718061e-01
 1.0819645098963e-01	 4.6776901941747e-01	 9.0866675372243e-05	 4.6767791870018e-01
 1.0857344210806e-01	 4.7025714045371e-01	 9.0907185620074e-05	 4.7016599922616e-01
 1.0895043322649e-01	 4.7274441853333e-01	 9.0947724917804e-05	 4.7265323676649e-01
 1.0932742434492e-01	 4.7523078183764e-01	 9.0988293316189e-05	 4.7513955950240e-01
 1.0970441546336e-01	 4.7771615872424e-01	 9.1028890866343e-05	 4.7762489579145e-01
 1.1008140658179e-01	 4.8020047773020e-01	 9.1069517619590e-05	 4.8010917417065e-01
 1.1045839770022e-01	 4.8268366757508e-01	 9.1110173627330e-05	 4.8259232335953e-01
 1.1083538881865e-01	 4.8516565716397e-01	 9.1150858940900e-05	 4.8507427226310e-01
 1.1121237993708e-01	 4.8764637559047e-01	 9.1191573611442e-05	 4.8755494997493e-01
 1.1158937105551e-01	 4.9012575213980e-01	 9.1232317689786e-05	 4.9003428578018e-01
 1.1196636217394e-01	 4.9260371629172e-01	 9.1273091226321e-05	 4.9251220915857e-01
 1.1234335329237e-01	 4.9508019772353e-01	 9.1313894270894e-05	 4.9498864978733e-01
 1.1272034441080e-01	 4.9755512631310e-01	 9.1354726872699e-05	 4.9746353754430e-01
 1.1309733552923e-01	 5.0002843214175e-01	 9.1395589080187e-05	 4.9993680251074e-01
 1.1347432664766e-01	 5.0250004549724e-01	 9.1436480940978e-05	 5.0240837497437e-01
 1.1385131776609e-01	 5.0496989687672e-01	 9.1477402501780e-05	 5.0487818543229e-01
 1.1422830888452e-01	 5.0743791698960e-01	 9.1518353808323e-05	 5.0734616459387e-01
 1.1460530000296e-01	 5.0990403676049e-01	 9.1559334905297e-05	 5.0981224338366e-01
 1.1498229112139e-01	 5.1236818733208e-01	 9.1600345836301e-05	 5.1227635294432e-01
 1.1535928223982e-01	 5.1483030006801e-01	 9.1641386643800e-05	 5.1473842463944e-01
 1.1573627335825e-01	 5.1729030655573e-01	 9.1682457369095e-05	 5.1719839005644e-01
 1.1611326447668e-01	 5.1974813860935e-01	 9.1723558052295e-05	 5.1965618100937e-01
 1.1649025559511e-01	 5.2220372827250e-01	 9.1764688732306e-05	 5.2211172954184e-01
 1.1686724671354e-01	 5.2465700782108e-01	 9.1805849446823e-05	 5.2456496792971e-01
 1.1724423783197e-01	 5.2710790976610e-01	 9.1847040232328e-05	 5.2701582868394e-01
 1.1762122895040e-01	 5.2955636685650e-01	 9.1888261124106e-05	 5.2946424455345e-01
 1.1799822006883e-01	 5.3200231208184e-01	 9.1929512156262e-05	 5.3191014852775e-01
 1.1837521118726e-01	 5.3444567867508e-01	 9.1970793361742e-05	 5.3435347383979e-01
 1.1875220230569e-01	 5.3688640011540e-01	 9.2012104772366e-05	 5.3679415396870e-01
 1.1912919342412e-01	 5.3932441013079e-01	 9.2053446418871e-05	 5.3923212264245e-01
 1.1950618454256e-01	 5.4175964270083e-01	 9.2094818330948e-05	 5.4166731384058e-01
 1.1988317566099e-01	 5.4419203205941e-01	 9.2136220537297e-05	 5.4409966179695e-01
 1.2026016677942e-01	 5.4662151269732e-01	 9.2177653065678e-05	 5.4652910100233e-01
 1.2063715789785e-01	 5.4904801936492e-01	 9.2219115942974e-05	 5.4895556620706e-01
 1.2101414901628e-01	 5.5147148707489e-01	 9.2260609195248e-05	 5.5137899242377e-01
 1.2139114013471e-01	 5.5389185110470e-01	 9.2302132847811e-05	 5.5379931492993e-01
 1.2176813125314e-01	 5.5630904699930e-01	 9.2343686925296e-05	 5.5621646927045e-01
 1.2214512237157e-01	 5.5872301057371e-01	 9.2385271451717e-05	 5.5863039126033e-01
 1.2252211349000e-01	 5.6113367791557e-01	 9.2426886450549e-05	 5.6104101698719e-01
 1.2289910460843e-01	 5.6354098538767e-01	 9.2468531944803e-05	 5.6344828281380e-01
 1.2327609572686e-01	 5.6594486963053e-01	 9.2510207957091e-05	 5.6585212538065e-01
 1.2365308684529e-01	 5.6834526756495e-01	 9.2551914509705e-05	 5.6825248160851e-01
 1.2403007796373e-01	 5.7074211639440e-01	 9.2593651624692e-05	 5.7064928870085e-01
 1.2440706908216e-01	 5.7313535360757e-01	 9.2635419323920e-05	 5.7304248414632e-01
 1.2478406020059e-01	 5.7552491698091e-01	 9.2677217629152e-05	 5.7543200572135e-01
 1.2516105131902e-01	 5.7791074458090e-01	 9.2719046562118e-05	 5.7781779149241e-01
 1.2553804243745e-01	 5.8029277476663e-01	 9.2760906144570e-05	 5.8019977981856e-01
 1.2591503355588e-01	 5.8267094619218e-01	 9.2802796398360e-05	 5.8257790935385e-01
 1.2629202467431e-01	 5.8504519780895e-01	 9.2844717345495e-05	 5.8495211904968e-01
 1.2666901579274e-01	 5.8741546886808e-01	 9.2886669008193e-05	 5.8732234815714e-01
 1.2704600691117e-01	 5.8978169892283e-01	 9.2928651408938e-05	 5.8968853622950e-01
 1.2742299802960e-01	 5.9214382783087e-01	 9.2970664570536e-05	 5.9205062312437e-01
 1.2779998914803e-01	 5.9450179575658e-01	 9.3012708516155e-05	 5.9440854900614e-01
 1.2817698026646e-01	 5.9685554317345e-01	 9.3054783269376e-05	 5.9676225434825e-01
 1.2855397138489e-01	 5.9920501086621e-01	 9.3096888854224e-05	 5.9911167993544e-01
 1.2893096250333e-01	 6.0155013993323e-01	 9.3139025295209e-05	 6.0145676686601e-01
 1.2930795362176e-01	 6.0389087178868e-01	 9.3181192617355e-05	 6.0379745655414e-01
 1.2968494474019e-01	 6.0622714816476e-01	 9.3223390846224e-05	 6.0613369073199e-01
 1.3006193585862e-01	 6.0855891111389e-01	 9.3265620007942e-05	 6.0846541145196e-01
 1.3043892697705e-01	 6.1088610301098e-01	 9.3307880129217e-05	 6.1079256108893e-01
 1.3081591809548e-01	 6.1320866655548e-01	 9.3350171237348e-05	 6.1311508234232e-01
 1.3119290921391e-01	 6.1552654477353e-01	 9.3392493360242e-05	 6.1543291823824e-01
 1.3156990033234e-01	 6.1783968102016e-01	 9.3434846526413e-05	 6.1774601213171e-01
 1.3194689145077e-01	 6.2014801898136e-01	 9.3477230764990e-05	 6.2005430770867e-01
 1.3232388256920e-01	 6.2245150267611e-01	 9.3519646105710e-05	 6.2235774898808e-01
 1.3270087368763e-01	 6.2475007645850e-01	 9.3562092578919e-05	 6.2465628032400e-01
 1.3307786480606e-01	 6.2704368501977e-01	 9.3604570215555e-05	 6.2694984640763e-01
 1.3345485592449e-01	 6.2933227339027e-01	 9.3647079047145e-05	 6.2923839226929e-01
 1.3383184704293e-01	 6.3161578694150e-01	 9.3689619105786e-05	 6.3152186328047e-01
 1.3420883816136e-01	 6.3389417138814e-01	 9.3732190424128e-05	 6.3380020515579e-01
 1.3458582927979e-01	 6.3616737278992e-01	 9.3774793035352e-05	 6.3607336395496e-01
 1.3496282039822e-01	 6.3843533755357e-01	 9.3817426973153e-05	 6.3834128608468e-01
 1.3533981151665e-01	 6.4069801243483e-01	 9.3860092271708e-05	 6.4060391830064e-01
 1.3571680263508e-01	 6.4295534454021e-01	 9.3902788965658e-05	 6.4286120770932e-01
 1.3609379375351e-01	 6.4520728132894e-01	 9.3945517090073e-05	 6.4511310176993e-01
 1.3647078487194e-01	 6.4745377061486e-01	 9.3988276680429e-05	 6.4735954829626e-01
 1.3684777599037e-01	 6.4969476056814e-01	 9.4031067772570e-05	 6.4960049545845e-01
 1.3722476710880e-01	 6.5193019971719e-01	 9.4073890402682e-05	 6.5183589178486e-01
 1.3760175822723e-01	 6.5416003695042e-01	 9.4116744607260e-05	 6.5406568616388e-01
 1.3797874934566e-01	 6.5638422151796e-01	 9.4159630423072e-05	 6.5628982784561e-01
 1.3835574046409e-01	 6.5860270303349e-01	 9.4202547887124e-05	 6.5850826644368e-01
 1.3873273158253e-01	 6.6081543147591e-01	 9.4245497036636e-05	 6.6072095193695e-01
 1.3910972270096e-01	 6.6302235719101e-01	 9.4288477908999e-05	 6.6292783467118e-01
 1.3948671381939e-01	 6.6522343089326e-01	 9.4331490541741e-05	 6.6512886536079e-01
 1.3986370493782e-01	 6.6741860366732e-01	 9.4374534972501e-05	 6.6732399509043e-01
 1.4024069605625e-01	 6.6960782696985e-01	 9.4417611238990e-05	 6.6951317531669e-01
 1.4061768717468e-01	 6.7179105263097e-01	 9.4460719378960e-05	 6.7169635786967e-01
 1.4099467829311e-01	 6.7396823285590e-01	 9.4503859430172e-05	 6.7387349495455e-01
 1.4137166941154e-01	 6.7613932022662e-01	 9.4547031430366e-05	 6.7604453915326e-01
 1.4174866052997e-01	 6.7830426770325e-01	 9.4590235417232e-05	 6.7820944342591e-01
 1.4212565164840e-01	 6.8046302862572e-01	 9.4633471428380e-05	 6.8036816111237e-01
 1.4250264276683e-01	 6.8261555671523e-01	 9.4676739501306e-05	 6.8252064593380e-01
 1.4287963388526e-01	 6.8476180607569e-01	 9.4720039673379e-05	 6.8466685199409e-01
 1.4325662500369e-01	 6.8690173119521e-01	 9.4763371981800e-05	 6.8680673378130e-01
 1.4363361612213e-01	 6.8903528694757e-01	 9.4806736463589e-05	 6.8894024616918e-01
 1.4401060724056e-01	 6.9116242859357e-01	 9.4850133155556e-05	 6.9106734441849e-01
 1.4438759835899e-01	 6.9328311178244e-01	 9.4893562094285e-05	 6.9318798417843e-01
 1.4476458947742e-01	 6.9539729255326e-01	 9.4937023316106e-05	 6.9530212148802e-01
 1.4514158059585e-01	 6.9750492733623e-01	 9.4980516857084e-05	 6.9740971277744e-01
 1.4551857171428e-01	 6.9960597295399e-01	 9.5024042753002e-05	 6.9951071486932e-01
 1.4589556283271e-01	 7.0170038662305e-01	 9.5067601039339e-05	 7.0160508498008e-01
 1.4627255395114e-01	 7.0378812595488e-01	 9.5111191751264e-05	 7.0369278072120e-01
 1.4664954506957e-01	 7.0586914895729e-01	 9.5154814923623e-05	 7.0577376010044e-01
 1.4702653618800e-01	 7.0794341403561e-01	 9.5198470590926e-05	 7.0784798152310e-01
 1.4740352730643e-01	 7.1001087999395e-01	 9.5242158787342e-05	 7.0991540379324e-01
 1.4778051842486e-01	 7.1207150603630e-01	 9.5285879546694e-05	 7.1197598611482e-01
 1.4815750954329e-01	 7.1412525176773e-01	 9.5329632902453e-05	 7.1402968809290e-01
 1.4853450066173e-01	 7.1617207719559e-01	 9.5373418887737e-05	 7.1607646973478e-01
 1.4891149178016e-01	 7.1821194273054e-01	 9.5417237535311e-05	 7.1811629145108e-01
 1.4928848289859e-01	 7.2024480918763e-01	 9.5461088877593e-05	 7.2014911405683e-01
 1.4966547401702e-01	 7.2227063778748e-01	 9.5504972946653e-05	 7.2217489877261e-01
 1.5004246513545e-01	 7.2428939015722e-01	 9.5548889774226e-05	 7.2419360722552e-01
 1.5041945625388e-01	 7.2630102833152e-01	 9.5592839391715e-05	 7.2620520145020e-01
 1.5079644737231e-01	 7.2830551475366e-01	 9.5636821830213e-05	 7.2820964388990e-01
 1.5117343849074e-01	 7.3030281227643e-01	 9.5680837120507e-05	 7.3020689739738e-01
 1.5155042960917e-01	 7.3229288416310e-01	 9.5724885293100e-05	 7.3219692523588e-01
 1.5192742072760e-01	 7.3427569408840e-01	 9.5768966378231e-05	 7.3417969108010e-01
 1.5230441184603e-01	 7.3625120613934e-01	 9.5813080405896e-05	 7.3615515901701e-01
 1.5268140296446e-01	 7.3821938481614e-01	 9.5857227405872e-05	 7.3812329354681e-01
 1.5305839408289e-01	 7.4018019503309e-01	 9.5901407407744e-05	 7.4008405958376e-01
 1.5343538520133e-01	 7.4213360211937e-01	 9.5945620440934e-05	 7.4203742245701e-01
 1.5381237631976e-01	 7.4407957181984e-01	 9.5989866534740e-05	 7.4398334791139e-01
 1.5418936743819e-01	 7.4601807029590e-01	 9.6034145718358e-05	 7.4592180210826e-01
 1.5456635855662e-01	 7.4794906412614e-01	 9.6078458020931e-05	 7.4785275162619e-01
 1.5494334967505e-01	 7.4987252030719e-01	 9.6122803471581e-05	 7.4977616346179e-01
 1.5532034079348e-01	 7.5178840625433e-01	 9.6167182099452e-05	 7.5169200503031e-01
 1.5569733191191e-01	 7.5369668980231e-01	 9.6211593933756e-05	 7.5360024416645e-01
 1.5607432303034e-01	 7.5559733920590e-01	 9.6256039003814e-05	 7.5550084912497e-01
 1.5645131414877e-01	 7.5749032314057e-01	 9.6300517339106e-05	 7.5739378858130e-01
 1.5682830526720e-01	 7.5937561070316e-01	 9.6345028969318e-05	 7.5927903163226e-01
 1.5720529638563e-01	 7.6125317141240e-01	 9.6389573924391e-05	 7.6115654779655e-01
 1.5758228750406e-01	 7.6312297520954e-01	 9.6434152234576e-05	 7.6302630701538e-01
 1.5795927862249e-01	 7.6498499245888e-01	 9.6478763930477e-05	 7.6488827965303e-01
 1.5833626974093e-01	 7.6683919394830e-01	 9.6523409043110e-05	 7.6674243649733e-01
 1.5871326085936e-01	 7.6868555088971e-01	 9.6568087603954e-05	 7.6858874876019e-01
 1.5909025197779e-01	 7.7052403491967e-01	 9.6612799644995e-05	 7.7042718807810e-01
 1.5946724309622e-01	 7.7235461809965e-01	 9.6657545198789e-05	 7.7225772651253e-01
 1.5984423421465e-01	 7.7417727291662e-01	 9.6702324298500e-05	 7.7408033655039e-01
 1.6022122533308e-01	 7.7599197228339e-01	 9.6747136977955e-05	 7.7589499110449e-01
 1.6059821645151e-01	 7.7779868953899e-01	 9.6791983271690e-05	 7.7770166351379e-01
 1.6097520756994e-01	 7.7959739844903e-01	 9.6836863214989e-05	 7.7950032754389e-01
 1.6135219868837e-01	 7.8138807320608e-01	 9.6881776843930e-05	 7.8129095738731e-01
 1.6172918980680e-01	 7.8317068842993e-01	 9.6926724195426e-05	 7.8307352766381e-01
 1.6210618092523e-01	 7.8494521916789e-01	 9.6971705307253e-05	 7.8484801342066e-01
 1.6248317204366e-01	 7.8671164089506e-01	 9.7016720218079e-05	 7.8661439013292e-01
 1.6286016316209e-01	 7.8846992951461e-01	 9.7061768967499e-05	 7.8837263370371e-01
 1.6323715428053e-01	 7.9022006135791e-01	 9.7106851596050e-05	 7.9012272046438e-01
 1.6361414539896e-01	 7.9196201318479e-01	 9.7151968145223e-05	 7.9186462717472e-01
 1.6399113651739e-01	 7.9369576218372e-01	 9.7197118657478e-05	 7.9359833102314e-01
 1.6436812763582e-01	 7.9542128597192e-01	 9.7242303176247e-05	 7.9532380962682e-01
 1.6474511875425e-01	 7.9713856259545e-01	 9.7287521745929e-05	 7.9704104103178e-01
 1.6512210987268e-01	 7.9884757052944e-01	 9.7332774411879e-05	 7.9875000371311e-01
 1.6549910099111e-01	 8.0054828867800e-01	 9.7378061220389e-05	 8.0045067657486e-01
 1.6587609210954e-01	 8.0224069637439e-01	 9.7423382218672e-05	 8.0214303895025e-01
 1.6625308322797e-01	 8.0392477338101e-01	 9.7468737454815e-05	 8.0382707060164e-01
 1.6663007434640e-01	 8.0560049988941e-01	 9.7514126977751e-05	 8.0550275172050e-01
 1.6700706546483e-01	 8.0726785652023e-01	 9.7559550837203e-05	 8.0717006292747e-01
 1.6738405658326e-01	 8.0892682432327e-01	 9.7605009083631e-05	 8.0882898527226e-01
 1.6776104770169e-01	 8.1057738477729e-01	 9.7650501768165e-05	 8.1047950023360e-01
 1.6813803882013e-01	 8.1221951979001e-01	 9.7696028942532e-05	 8.1212158971914e-01
 1.6851502993856e-01	 8.1385321169798e-01	 9.7741590658976e-05	 8.1375523606540e-01
 1.6889202105699e-01	 8.1547844326644e-01	 9.7787186970170e-05	 8.1538042203754e-01
 1.6926901217542e-01	 8.1709519768914e-01	 9.7832817929120e-05	 8.1699713082929e-01
 1.6964600329385e-01	 8.1870345858822e-01	 9.7878483589058e-05	 8.1860534606270e-01
 1.7002299441228e-01	 8.2030321001393e-01	 9.7924184003339e-05	 8.2020505178801e-01
 1.7039998553071e-01	 8.2189443644448e-01	 9.7969919225320e-05	 8.2179623248333e-01
 1.7077697664914e-01	 8.2347712278570e-01	 9.8015689308242e-05	 8.2337887305447e-01
 1.7115396776757e-01	 8.2505125437088e-01	 9.8061494305099e-05	 8.2495295883465e-01
 1.7153095888600e-01	 8.2661681696038e-01	 9.8107334268512e-05	 8.2651847558418e-01
 1.7190795000443e-01	 8.2817379674132e-01	 9.8153209250593e-05	 8.2807540949014e-01
 1.7228494112286e-01	 8.2972218032732e-01	 9.8199119302806e-05	 8.2962374716609e-01
 1.7266193224130e-01	 8.3126195475803e-01	 9.8245064475835e-05	 8.3116347565163e-01
 1.7303892335973e-01	 8.3279310749881e-01	 9.8291044819435e-05	 8.3269458241207e-01
 1.7341591447816e-01	 8.3431562644032e-01	 9.8337060382304e-05	 8.3421705533801e-01
 1.7379290559659e-01	 8.3582949989803e-01	 9.8383111211936e-05	 8.3573088274490e-01
 1.7416989671502e-01	 8.3733471661183e-01	 9.8429197354496e-05	 8.3723605337256e-01
 1.7454688783345e-01	 8.3883126574554e-01	 9.8475318854677e-05	 8.3873255638476e-01
 1.7492387895188e-01	 8.4031913688635e-01	 9.8521475755585e-05	 8.4022038136867e-01
 1.7530087007031e-01	 8.4179832004440e-01	 9.8567668098608e-05	 8.4169951833437e-01
 1.7567786118874e-01	 8.4326880565214e-01	 9.8613895923314e-05	 8.4316995771429e-01
 1.7605485230717e-01	 8.4473058456383e-01	 9.8660159267334e-05	 8.4463169036264e-01
 1.7643184342560e-01	 8.4618364805491e-01	 9.8706458166277e-05	 8.4608470755482e-01
 1.7680883454403e-01	 8.4762798782140e-01	 9.8752792653635e-05	 8.4752900098683e-01
 1.7718582566246e-01	 8.4906359597930e-01	 9.8799162760720e-05	 8.4896456277462e-01
 1.7756281678090e-01	 8.5049046506387e-01	 9.8845568516599e-05	 8.5039138545343e-01
 1.7793980789933e-01	 8.5190858802901e-01	 9.8892009948041e-05	 8.5180946197713e-01
 1.7831679901776e-01	 8.5331795824652e-01	 9.8938487079496e-05	 8.5321878571752e-01
 1.7869379013619e-01	 8.5471856950544e-01	 9.8984999933073e-05	 8.5461935046358e-01
 1.7907078125462e-01	 8.5611041601121e-01	 9.9031548528540e-05	 8.5601115042075e-01
 1.7944777237305e-01	 8.5749349238501e-01	 9.9078132883340e-05	 8.5739418021020e-01
 1.7982476349148e-01	 8.5886779366290e-01	 9.9124753012630e-05	 8.5876843486797e-01
 1.8020175460991e-01	 8.6023331529506e-01	 9.9171408929329e-05	 8.6013390984421e-01
 1.8057874572834e-01	 8.6159005314493e-01	 9.9218100644191e-05	 8.6149060100236e-01
 1.8095573684677e-01	 8.6293800348838e-01	 9.9264828165895e-05	 8.6283850461829e-01
 1.8133272796520e-01	 8.6427716301280e-01	 9.9311591501151e-05	 8.6417761737938e-01
 1.8170971908363e-01	 8.6560752881630e-01	 9.9358390654831e-05	 8.6550793638372e-01
 1.8208671020206e-01	 8.6692909840669e-01	 9.9405225630114e-05	 8.6682945913913e-01
 1.8246370132050e-01	 8.6824186970058e-01	 9.9452096428646e-05	 8.6814218356223e-01
 1.8284069243893e-01	 8.6954584102250e-01	 9.9499003050726e-05	 8.6944610797753e-01
 1.8321768355736e-01	 8.7084101110381e-01	 9.9545945495499e-05	 8.7074123111639e-01
 1.8359467467579e-01	 8.7212737908174e-01	 9.9592923761180e-05	 8.7202755211605e-01
 1.8397166579422e-01	 8.7340494449845e-01	 9.9639937845273e-05	 8.7330507051868e-01
 1.8434865691265e-01	 8.7467370729988e-01	 9.9686987744822e-05	 8.7457378627021e-01
 1.8472564803108e-01	 8.7593366783475e-01	 9.9734073456669e-05	 8.7583369971937e-01
 1.8510263914951e-01	 8.7718482685349e-01	 9.9781194977719e-05	 8.7708481161659e-01
 1.8547963026794e-01	 8.7842718550711e-01	 9.9828352305217e-05	 8.7832712311288e-01
 1.8585662138637e-01	 8.7966074534608e-01	 9.9875545437046e-05	 8.7956063575872e-01
 1.8623361250480e-01	 8.8088550831926e-01	 9.9922774372004e-05	 8.8078535150296e-01
 1.8661060362323e-01	 8.8210147677262e-01	 9.9970039110117e-05	 8.8200127269158e-01
 1.8698759474166e-01	 8.8330865344816e-01	 1.0001733965294e-04	 8.8320840206659e-01
 1.8736458586010e-01	 8.8450704148269e-01	 1.0006467600383e-04	 8.8440674276476e-01
 1.8774157697853e-01	 8.8569664440658e-01	 1.0011204816830e-04	 8.8559629831649e-01
 1.8811856809696e-01	 8.8687746614256e-01	 1.0015945615427e-04	 8.8677707264448e-01
 1.8849555921539e-01	 8.8804951100440e-01	 1.0020689997236e-04	 8.8794907006251e-01
