-1.8849555921539e-01	 8.4241487701237e-01	 6.9308393587662e-07	 8.4241396189549e-01
-1.8811856809696e-01	 8.4103935685895e-01	 6.9334365930853e-07	 8.4103844148236e-01
-1.8774157697853e-01	 8.3965692419878e-01	 6.9360353577509e-07	 8.3965600856231e-01
-1.8736458586010e-01	 8.3826758262374e-01	 6.9386356556179e-07	 8.3826666672723e-01
-1.8698759474166e-01	 8.3687133600540e-01	 6.9412374896218e-07	 8.3687041984871e-01
-1.8661060362323e-01	 8.3546818849581e-01	 6.9438408627681e-07	 8.3546727207879e-01
-1.8623361250480e-01	 8.3405814452834e-01	 6.9464457781204e-07	 8.3405722785083e-01
-1.8585662138637e-01	 8.3264120881845e-01	 6.9490522387883e-07	 8.3264029188029e-01
-1.8547963026794e-01	 8.3121738636442e-01	 6.9516602479163e-07	 8.3121646916546e-01
-1.8510263914951e-01	 8.2978668244817e-01	 6.9542698086707e-07	 8.2978576498825e-01
-1.8472564803108e-01	 8.2834910263599e-01	 6.9568809242287e-07	 8.2834818491496e-01
-1.8434865691265e-01	 8.2690465277929e-01	 6.9594935977661e-07	 8.2690373479699e-01
-1.8397166579422e-01	 8.2545333901527e-01	 6.9621078324455e-07	 8.2545242077155e-01
-1.8359467467579e-01	 8.2399516776772e-01	 6.9647236314054e-07	 8.2399424926242e-01
-1.8321768355736e-01	 8.2253014574767e-01	 6.9673409977489e-07	 8.2252922698064e-01
-1.8284069243893e-01	 8.2105827995406e-01	 6.9699599345331e-07	 8.2105736092513e-01
-1.8246370132050e-01	 8.1957957767445e-01	 6.9725804447591e-07	 8.1957865838347e-01
-1.8208671020206e-01	 8.1809404648569e-01	 6.9752025313623e-07	 8.1809312693250e-01
-1.8170971908363e-01	 8.1660169425452e-01	 6.9778261972037e-07	 8.1660077443896e-01
-1.8133272796520e-01	 8.1510252913827e-01	 6.9804514450611e-07	 8.1510160906019e-01
-1.8095573684677e-01	 8.1359655958543e-01	 6.9830782776218e-07	 8.1359563924467e-01
-1.8057874572834e-01	 8.1208379433630e-01	 6.9857066974754e-07	 8.1208287373269e-01
-1.8020175460991e-01	 8.1056424242354e-01	 6.9883367071080e-07	 8.1056332155694e-01
-1.7982476349148e-01	 8.0903791317284e-01	 6.9909683088964e-07	 8.0903699204307e-01
-1.7944777237305e-01	 8.0750481620339e-01	 6.9936015051040e-07	 8.0750389481030e-01
-1.7907078125462e-01	 8.0596496142849e-01	 6.9962362978769e-07	 8.0596403977192e-01
-1.7869379013619e-01	 8.0441835905614e-01	 6.9988726892405e-07	 8.0441743713593e-01
-1.7831679901776e-01	 8.0286501958944e-01	 7.0015106810985e-07	 8.0286409740544e-01
-1.7793980789933e-01	 8.0130495382727e-01	 7.0041502752308e-07	 8.0130403137930e-01
-1.7756281678090e-01	 7.9973817286467e-01	 7.0067914732936e-07	 7.9973725015258e-01
-1.7718582566246e-01	 7.9816468809339e-01	 7.0094342768198e-07	 7.9816376511703e-01
-1.7680883454403e-01	 7.9658451120236e-01	 7.0120786872203e-07	 7.9658358796155e-01
-1.7643184342560e-01	 7.9499765417813e-01	 7.0147247057857e-07	 7.9499673067272e-01
-1.7605485230717e-01	 7.9340412930537e-01	 7.0173723336898e-07	 7.9340320553520e-01
-1.7567786118874e-01	 7.9180394916722e-01	 7.0200215719925e-07	 7.9180302513213e-01
-1.7530087007031e-01	 7.9019712664583e-01	 7.0226724216443e-07	 7.9019620234565e-01
-1.7492387895188e-01	 7.8858367492269e-01	 7.0253248834911e-07	 7.8858275035726e-01
-1.7454688783345e-01	 7.8696360747899e-01	 7.0279789582797e-07	 7.8696268264816e-01
-1.7416989671502e-01	 7.8533693809611e-01	 7.0306346466639e-07	 7.8533601299971e-01
-1.7379290559659e-01	 7.8370368085591e-01	 7.0332919492106e-07	 7.8370275549378e-01
-1.7341591447816e-01	 7.8206385014109e-01	 7.0359508664072e-07	 7.8206292451307e-01
-1.7303892335973e-01	 7.8041746063555e-01	 7.0386113986688e-07	 7.8041653474147e-01
-1.7266193224130e-01	 7.7876452732470e-01	 7.0412735463459e-07	 7.7876360116441e-01
-1.7228494112286e-01	 7.7710506549577e-01	 7.0439373097322e-07	 7.7710413906910e-01
-1.7190795000443e-01	 7.7543909073810e-01	 7.0466026890731e-07	 7.7543816404490e-01
-1.7153095888600e-01	 7.7376661894346e-01	 7.0492696845737e-07	 7.7376569198355e-01
-1.7115396776757e-01	 7.7208766630623e-01	 7.0519382964077e-07	 7.7208673907947e-01
-1.7077697664914e-01	 7.7040224932377e-01	 7.0546085247253e-07	 7.7040132182998e-01
-1.7039998553071e-01	 7.6871038479656e-01	 7.0572803696623e-07	 7.6870945703559e-01
-1.7002299441228e-01	 7.6701208982846e-01	 7.0599538313481e-07	 7.6701116180014e-01
-1.6964600329385e-01	 7.6530738182692e-01	 7.0626289099142e-07	 7.6530645353110e-01
-1.6926901217542e-01	 7.6359627850319e-01	 7.0653056055025e-07	 7.6359534993969e-01
-1.6889202105699e-01	 7.6187879787246e-01	 7.0679839182725e-07	 7.6187786904113e-01
-1.6851502993856e-01	 7.6015495825404e-01	 7.0706638484097e-07	 7.6015402915472e-01
-1.6813803882013e-01	 7.5842477827153e-01	 7.0733453961327e-07	 7.5842384890405e-01
-1.6776104770169e-01	 7.5668827685295e-01	 7.0760285616997e-07	 7.5668734721715e-01
-1.6738405658326e-01	 7.5494547323080e-01	 7.0787133454157e-07	 7.5494454332653e-01
-1.6700706546483e-01	 7.5319638694227e-01	 7.0813997476381e-07	 7.5319545676936e-01
-1.6663007434640e-01	 7.5144103782927e-01	 7.0840877687824e-07	 7.5144010738755e-01
-1.6625308322797e-01	 7.4967944603845e-01	 7.0867774093276e-07	 7.4967851532778e-01
-1.6587609210954e-01	 7.4791163202139e-01	 7.0894686698203e-07	 7.4791070104159e-01
-1.6549910099111e-01	 7.4613761653455e-01	 7.0921615508793e-07	 7.4613668528546e-01
-1.6512210987268e-01	 7.4435742063931e-01	 7.0948560531986e-07	 7.4435648912077e-01
-1.6474511875425e-01	 7.4257106570201e-01	 7.0975521775507e-07	 7.4257013391386e-01
-1.6436812763582e-01	 7.4077857339396e-01	 7.1002499247887e-07	 7.4077764133603e-01
-1.6399113651739e-01	 7.3897996569135e-01	 7.1029492958480e-07	 7.3897903336349e-01
-1.6361414539896e-01	 7.3717526487534e-01	 7.1056502917475e-07	 7.3717433227737e-01
-1.6323715428053e-01	 7.3536449353190e-01	 7.1083529135906e-07	 7.3536356066368e-01
-1.6286016316209e-01	 7.3354767455181e-01	 7.1110571625644e-07	 7.3354674141315e-01
-1.6248317204366e-01	 7.3172483113056e-01	 7.1137630399400e-07	 7.3172389772132e-01
-1.6210618092523e-01	 7.2989598676830e-01	 7.1164705470708e-07	 7.2989505308831e-01
-1.6172918980680e-01	 7.2806116526965e-01	 7.1191796853913e-07	 7.2806023131874e-01
-1.6135219868837e-01	 7.2622039074365e-01	 7.1218904564148e-07	 7.2621945652167e-01
-1.6097520756994e-01	 7.2437368760362e-01	 7.1246028617309e-07	 7.2437275311039e-01
-1.6059821645151e-01	 7.2252108056694e-01	 7.1273169030025e-07	 7.2252014580231e-01
-1.6022122533308e-01	 7.2066259465496e-01	 7.1300325819623e-07	 7.2066165961876e-01
-1.5984423421465e-01	 7.1879825519275e-01	 7.1327499004093e-07	 7.1879731988482e-01
-1.5946724309622e-01	 7.1692808780898e-01	 7.1354688602043e-07	 7.1692715222916e-01
-1.5909025197779e-01	 7.1505211843558e-01	 7.1381894632657e-07	 7.1505118258370e-01
-1.5871326085936e-01	 7.1317037330765e-01	 7.1409117115648e-07	 7.1316943718354e-01
-1.5833626974093e-01	 7.1128287896311e-01	 7.1436356071208e-07	 7.1128194256661e-01
-1.5795927862249e-01	 7.0938966224247e-01	 7.1463611519958e-07	 7.0938872557341e-01
-1.5758228750406e-01	 7.0749075028857e-01	 7.1490883482892e-07	 7.0748981334679e-01
-1.5720529638563e-01	 7.0558617054626e-01	 7.1518171981328e-07	 7.0558523333161e-01
-1.5682830526720e-01	 7.0367595076211e-01	 7.1545477036850e-07	 7.0367501327440e-01
-1.5645131414877e-01	 7.0176011898405e-01	 7.1572798671259e-07	 7.0175918122313e-01
-1.5607432303034e-01	 6.9983870356109e-01	 7.1600136906507e-07	 6.9983776552678e-01
-1.5569733191191e-01	 6.9791173314288e-01	 7.1627491764656e-07	 6.9791079483502e-01
-1.5532034079348e-01	 6.9597923667942e-01	 7.1654863267814e-07	 6.9597829809785e-01
-1.5494334967505e-01	 6.9404124342063e-01	 7.1682251438090e-07	 6.9404030456518e-01
-1.5456635855662e-01	 6.9209778291593e-01	 7.1709656297539e-07	 6.9209684378643e-01
-1.5418936743819e-01	 6.9014888501385e-01	 7.1737077868113e-07	 6.9014794561014e-01
-1.5381237631976e-01	 6.8819457986160e-01	 7.1764516171616e-07	 6.8819364018350e-01
-1.5343538520133e-01	 6.8623489790459e-01	 7.1791971229658e-07	 6.8623395795194e-01
-1.5305839408289e-01	 6.8426986988596e-01	 7.1819443063612e-07	 6.8426892965859e-01
-1.5268140296446e-01	 6.8229952684613e-01	 7.1846931694577e-07	 6.8229858634388e-01
-1.5230441184603e-01	 6.8032390012230e-01	 7.1874437143338e-07	 6.8032295934499e-01
-1.5192742072760e-01	 6.7834302134787e-01	 7.1901959430336e-07	 6.7834208029534e-01
-1.5155042960917e-01	 6.7635692245198e-01	 7.1929498575636e-07	 6.7635598112406e-01
-1.5117343849074e-01	 6.7436563565898e-01	 7.1957054598900e-07	 6.7436469405549e-01
-1.5079644737231e-01	 6.7236919348774e-01	 7.1984627519366e-07	 6.7236825160853e-01
-1.5041945625388e-01	 6.7036762875125e-01	 7.2012217355827e-07	 6.7036668659614e-01
-1.5004246513545e-01	 6.6836097455588e-01	 7.2039824126617e-07	 6.6836003212470e-01
-1.4966547401702e-01	 6.6634926430083e-01	 7.2067447849593e-07	 6.6634832159341e-01
-1.4928848289859e-01	 6.6433253167751e-01	 7.2095088542132e-07	 6.6433158869369e-01
-1.4891149178016e-01	 6.6231081066891e-01	 7.2122746221127e-07	 6.6230986740851e-01
-1.4853450066173e-01	 6.6028413554884e-01	 7.2150420902980e-07	 6.6028319201169e-01
-1.4815750954329e-01	 6.5825254088143e-01	 7.2178112603607e-07	 6.5825159706737e-01
-1.4778051842486e-01	 6.5621606152029e-01	 7.2205821338442e-07	 6.5621511742914e-01
-1.4740352730643e-01	 6.5417473260787e-01	 7.2233547122449e-07	 6.5417378823946e-01
-1.4702653618800e-01	 6.5212858957474e-01	 7.2261289970128e-07	 6.5212764492890e-01
-1.4664954506957e-01	 6.5007766813884e-01	 7.2289049895534e-07	 6.5007672321540e-01
-1.4627255395114e-01	 6.4802200430471e-01	 7.2316826912290e-07	 6.4802105910350e-01
-1.4589556283271e-01	 6.4596163436276e-01	 7.2344621033611e-07	 6.4596068888361e-01
-1.4551857171428e-01	 6.4389659488847e-01	 7.2372432272323e-07	 6.4389564913121e-01
-1.4514158059585e-01	 6.4182692274159e-01	 7.2400260640889e-07	 6.4182597670605e-01
-1.4476458947742e-01	 6.3975265506529e-01	 7.2428106151431e-07	 6.3975170875129e-01
-1.4438759835899e-01	 6.3767382928539e-01	 7.2455968815762e-07	 6.3767288269276e-01
-1.4401060724056e-01	 6.3559048310947e-01	 7.2483848645413e-07	 6.3558953623805e-01
-1.4363361612213e-01	 6.3350265452601e-01	 7.2511745651663e-07	 6.3350170737562e-01
-1.4325662500369e-01	 6.3141038180353e-01	 7.2539659845572e-07	 6.3140943437400e-01
-1.4287963388526e-01	 6.2931370348971e-01	 7.2567591238006e-07	 6.2931275578086e-01
-1.4250264276683e-01	 6.2721265841037e-01	 7.2595539839677e-07	 6.2721171042203e-01
-1.4212565164840e-01	 6.2510728566871e-01	 7.2623505661172e-07	 6.2510633740072e-01
-1.4174866052997e-01	 6.2299762464429e-01	 7.2651488712983e-07	 6.2299667609646e-01
-1.4137166941154e-01	 6.2088371499198e-01	 7.2679489005543e-07	 6.2088276616415e-01
-1.4099467829311e-01	 6.1876559664115e-01	 7.2707506549252e-07	 6.1876464753314e-01
-1.4061768717468e-01	 6.1664330979460e-01	 7.2735541354512e-07	 6.1664236040625e-01
-1.4024069605625e-01	 6.1451689492752e-01	 7.2763593431757e-07	 6.1451594525865e-01
-1.3986370493782e-01	 6.1238639278658e-01	 7.2791662791476e-07	 6.1238544283701e-01
-1.3948671381939e-01	 6.1025184438876e-01	 7.2819749444248e-07	 6.1025089415833e-01
-1.3910972270096e-01	 6.0811329102039e-01	 7.2847853400762e-07	 6.0811234050892e-01
-1.3873273158253e-01	 6.0597077423608e-01	 7.2875974671845e-07	 6.0596982344339e-01
-1.3835574046409e-01	 6.0382433585758e-01	 7.2904113268482e-07	 6.0382338478351e-01
-1.3797874934566e-01	 6.0167401797276e-01	 7.2932269201839e-07	 6.0167306661713e-01
-1.3760175822723e-01	 5.9951986293440e-01	 7.2960442483283e-07	 5.9951891129704e-01
-1.3722476710880e-01	 5.9736191335919e-01	 7.2988633124396e-07	 5.9736096143992e-01
-1.3684777599037e-01	 5.9520021212647e-01	 7.3016841136993e-07	 5.9519925992512e-01
-1.3647078487194e-01	 5.9303480237711e-01	 7.3045066533135e-07	 5.9303384989351e-01
-1.3609379375351e-01	 5.9086572751236e-01	 7.3073309325139e-07	 5.9086477474633e-01
-1.3571680263508e-01	 5.8869303119267e-01	 7.3101569525587e-07	 5.8869207814404e-01
-1.3533981151665e-01	 5.8651675733639e-01	 7.3129847147334e-07	 5.8651580400499e-01
-1.3496282039822e-01	 5.8433695011868e-01	 7.3158142203514e-07	 5.8433599650432e-01
-1.3458582927979e-01	 5.8215365397019e-01	 7.3186454707539e-07	 5.8215270007271e-01
-1.3420883816136e-01	 5.7996691357582e-01	 7.3214784673105e-07	 5.7996595939504e-01
-1.3383184704293e-01	 5.7777677387349e-01	 7.3243132114187e-07	 5.7777581940924e-01
-1.3345485592449e-01	 5.7558328005285e-01	 7.3271497045040e-07	 5.7558232530494e-01
-1.3307786480606e-01	 5.7338647755391e-01	 7.3299879480189e-07	 5.7338552252218e-01
-1.3270087368763e-01	 5.7118641206586e-01	 7.3328279434428e-07	 5.7118545675013e-01
-1.3232388256920e-01	 5.6898312952566e-01	 7.3356696922812e-07	 5.6898217392575e-01
-1.3194689145077e-01	 5.6677667611669e-01	 7.3385131960643e-07	 5.6677572023243e-01
-1.3156990033234e-01	 5.6456709826745e-01	 7.3413584563465e-07	 5.6456614209866e-01
-1.3119290921391e-01	 5.6235444265017e-01	 7.3442054747049e-07	 5.6235348619668e-01
-1.3081591809548e-01	 5.6013875617938e-01	 7.3470542527380e-07	 5.6013779944101e-01
-1.3043892697705e-01	 5.5792008601058e-01	 7.3499047920645e-07	 5.5791912898716e-01
-1.3006193585862e-01	 5.5569847953880e-01	 7.3527570943219e-07	 5.5569752223015e-01
-1.2968494474019e-01	 5.5347398439716e-01	 7.3556111611643e-07	 5.5347302680311e-01
-1.2930795362176e-01	 5.5124664845543e-01	 7.3584669942619e-07	 5.5124569057579e-01
-1.2893096250333e-01	 5.4901651981856e-01	 7.3613245952985e-07	 5.4901556165316e-01
-1.2855397138489e-01	 5.4678364682528e-01	 7.3641839659702e-07	 5.4678268837395e-01
-1.2817698026646e-01	 5.4454807804650e-01	 7.3670451079836e-07	 5.4454711930906e-01
-1.2779998914803e-01	 5.4230986228391e-01	 7.3699080230542e-07	 5.4230890326018e-01
-1.2742299802960e-01	 5.4006904856842e-01	 7.3727727129049e-07	 5.4006808925821e-01
-1.2704600691117e-01	 5.3782568615860e-01	 7.3756391792640e-07	 5.3782472656174e-01
-1.2666901579274e-01	 5.3557982453921e-01	 7.3785074238637e-07	 5.3557886465553e-01
-1.2629202467431e-01	 5.3333151341960e-01	 7.3813774484389e-07	 5.3333055324892e-01
-1.2591503355588e-01	 5.3108080273213e-01	 7.3842492547255e-07	 5.3107984227427e-01
-1.2553804243745e-01	 5.2882774263060e-01	 7.3871228444585e-07	 5.2882678188538e-01
-1.2516105131902e-01	 5.2657238348867e-01	 7.3899982193715e-07	 5.2657142245592e-01
-1.2478406020059e-01	 5.2431477589820e-01	 7.3928753811946e-07	 5.2431381457772e-01
-1.2440706908216e-01	 5.2205497066765e-01	 7.3957543316538e-07	 5.2205400905928e-01
-1.2403007796373e-01	 5.1979301882047e-01	 7.3986350724697e-07	 5.1979205692402e-01
-1.2365308684529e-01	 5.1752897159336e-01	 7.4015176053564e-07	 5.1752800940866e-01
-1.2327609572686e-01	 5.1526288043470e-01	 7.4044019320207e-07	 5.1526191796157e-01
-1.2289910460843e-01	 5.1299479700282e-01	 7.4072880541615e-07	 5.1299383424107e-01
-1.2252211349000e-01	 5.1072477316426e-01	 7.4101759734686e-07	 5.1072381011373e-01
-1.2214512237157e-01	 5.0845286099218e-01	 7.4130656916227e-07	 5.0845189765268e-01
-1.2176813125314e-01	 5.0617911276452e-01	 7.4159572102945e-07	 5.0617814913586e-01
-1.2139114013471e-01	 5.0390358096233e-01	 7.4188505311447e-07	 5.0390261704434e-01
-1.2101414901628e-01	 5.0162631826799e-01	 7.4217456558235e-07	 5.0162535406049e-01
-1.2063715789785e-01	 4.9934737756347e-01	 7.4246425859704e-07	 4.9934641306627e-01
-1.2026016677942e-01	 4.9706681192856e-01	 7.4275413232144e-07	 4.9706584714149e-01
-1.1988317566099e-01	 4.9478467463903e-01	 7.4304418691739e-07	 4.9478370956191e-01
-1.1950618454256e-01	 4.9250101916491e-01	 7.4333442254566e-07	 4.9250005379756e-01
-1.1912919342412e-01	 4.9021589916863e-01	 7.4362483936604e-07	 4.9021493351086e-01
-1.1875220230569e-01	 4.8792936850315e-01	 7.4391543753727e-07	 4.8792840255478e-01
-1.1837521118726e-01	 4.8564148121023e-01	 7.4420621721717e-07	 4.8564051497107e-01
-1.1799822006883e-01	 4.8335229151848e-01	 7.4449717856264e-07	 4.8335132498837e-01
-1.1762122895040e-01	 4.8106185384154e-01	 7.4478832172971e-07	 4.8106088702028e-01
-1.1724423783197e-01	 4.7877022277618e-01	 7.4507964687361e-07	 4.7876925566360e-01
-1.1686724671354e-01	 4.7647745310048e-01	 7.4537115414880e-07	 4.7647648569639e-01
-1.1649025559511e-01	 4.7418359977178e-01	 7.4566284370910e-07	 4.7418263207600e-01
-1.1611326447668e-01	 4.7188871792494e-01	 7.4595471570766e-07	 4.7188774993729e-01
-1.1573627335825e-01	 4.6959286287031e-01	 7.4624677029713e-07	 4.6959189459060e-01
-1.1535928223982e-01	 4.6729609009179e-01	 7.4653900762965e-07	 4.6729512151984e-01
-1.1498229112139e-01	 4.6499845524493e-01	 7.4683142785698e-07	 4.6499748638056e-01
-1.1460530000296e-01	 4.6270001415493e-01	 7.4712403113054e-07	 4.6269904499796e-01
-1.1422830888452e-01	 4.6040082281469e-01	 7.4741681760149e-07	 4.6039985336494e-01
-1.1385131776609e-01	 4.5810093738279e-01	 7.4770978742080e-07	 4.5809996764006e-01
-1.1347432664766e-01	 4.5580041418151e-01	 7.4800294073936e-07	 4.5579944414563e-01
-1.1309733552923e-01	 4.5349930969486e-01	 7.4829627770796e-07	 4.5349833936565e-01
-1.1272034441080e-01	 4.5119768056648e-01	 7.4858979847743e-07	 4.5119670994374e-01
-1.1234335329237e-01	 4.4889558359766e-01	 7.4888350319869e-07	 4.4889461268122e-01
-1.1196636217394e-01	 4.4659307574533e-01	 7.4917739202275e-07	 4.4659210453501e-01
-1.1158937105551e-01	 4.4429021411989e-01	 7.4947146510087e-07	 4.4428924261549e-01
-1.1121237993708e-01	 4.4198705598326e-01	 7.4976572258449e-07	 4.4198608418460e-01
-1.1083538881865e-01	 4.3968365874676e-01	 7.5006016462538e-07	 4.3968268665366e-01
-1.1045839770022e-01	 4.3738007996899e-01	 7.5035479137559e-07	 4.3737910758127e-01
-1.1008140658179e-01	 4.3507637735379e-01	 7.5064960298757e-07	 4.3507540467125e-01
-1.0970441546336e-01	 4.3277260874809e-01	 7.5094459961412e-07	 4.3277163577056e-01
-1.0932742434492e-01	 4.3046883213979e-01	 7.5123978140848e-07	 4.3046785886707e-01
-1.0895043322649e-01	 4.2816510565564e-01	 7.5153514852430e-07	 4.2816413208756e-01
-1.0857344210806e-01	 4.2586148755913e-01	 7.5183070111570e-07	 4.2586051369550e-01
-1.0819645098963e-01	 4.2355803624825e-01	 7.5212643933723e-07	 4.2355706208888e-01
-1.0781945987120e-01	 4.2125481025343e-01	 7.5242236334391e-07	 4.2125383579813e-01
-1.0744246875277e-01	 4.1895186823530e-01	 7.5271847329123e-07	 4.1895089348389e-01
-1.0706547763434e-01	 4.1664926898249e-01	 7.5301476933512e-07	 4.1664829393479e-01
-1.0668848651591e-01	 4.1434707140955e-01	 7.5331125163197e-07	 4.1434609606537e-01
-1.0631149539748e-01	 4.1204533455461e-01	 7.5360792033860e-07	 4.1204435891376e-01
-1.0593450427905e-01	 4.0974411757728e-01	 7.5390477561224e-07	 4.0974314163957e-01
-1.0555751316062e-01	 4.0744347975629e-01	 7.5420181761054e-07	 4.0744250352154e-01
-1.0518052204219e-01	 4.0514348048744e-01	 7.5449904649154e-07	 4.0514250395545e-01
-1.0480353092376e-01	 4.0284417928120e-01	 7.5479646241360e-07	 4.0284320245180e-01
-1.0442653980532e-01	 4.0054563576053e-01	 7.5509406553544e-07	 4.0054465863353e-01
-1.0404954868689e-01	 3.9824790965865e-01	 7.5539185601611e-07	 3.9824693223386e-01
-1.0367255756846e-01	 3.9595106081669e-01	 7.5568983401492e-07	 3.9595008309392e-01
-1.0329556645003e-01	 3.9365514918145e-01	 7.5598799969144e-07	 3.9365417116051e-01
-1.0291857533160e-01	 3.9136023480313e-01	 7.5628635320547e-07	 3.9135925648384e-01
-1.0254158421317e-01	 3.8906637783305e-01	 7.5658489471705e-07	 3.8906539921522e-01
-1.0216459309474e-01	 3.8677363852126e-01	 7.5688362438636e-07	 3.8677265960470e-01
-1.0178760197631e-01	 3.8448207721428e-01	 7.5718254237379e-07	 3.8448109799880e-01
-1.0141061085788e-01	 3.8219175435286e-01	 7.5748164883985e-07	 3.8219077483827e-01
-1.0103361973945e-01	 3.7990273046943e-01	 7.5778094394519e-07	 3.7990175065555e-01
-1.0065662862102e-01	 3.7761506618602e-01	 7.5808042785058e-07	 3.7761408607265e-01
-1.0027963750259e-01	 3.7532882221174e-01	 7.5838010071687e-07	 3.7532784179870e-01
-9.9902646384155e-02	 3.7304405934045e-01	 7.5867996270505e-07	 3.7304307862755e-01
-9.9525655265725e-02	 3.7076083844845e-01	 7.5898001397620e-07	 3.7075985743550e-01
-9.9148664147294e-02	 3.6847922049210e-01	 7.5928025469147e-07	 3.6847823917891e-01
-9.8771673028863e-02	 3.6619926650536e-01	 7.5958068501216e-07	 3.6619828489174e-01
-9.8394681910432e-02	 3.6392103759751e-01	 7.5988130509964e-07	 3.6392005568327e-01
-9.8017690792002e-02	 3.6164459495069e-01	 7.6018211511545e-07	 3.6164361273564e-01
-9.7640699673571e-02	 3.5936999981754e-01	 7.6048311522127e-07	 3.5936901730149e-01
-9.7263708555140e-02	 3.5709731351870e-01	 7.6078430557895e-07	 3.5709633070145e-01
-9.6886717436709e-02	 3.5482659744053e-01	 7.6108568635056e-07	 3.5482561432190e-01
-9.6509726318278e-02	 3.5255791303259e-01	 7.6138725769838e-07	 3.5255692961240e-01
-9.6132735199848e-02	 3.5029132180523e-01	 7.6168901978499e-07	 3.5029033808328e-01
-9.5755744081417e-02	 3.4802688532717e-01	 7.6199097277330e-07	 3.4802590130326e-01
-9.5378752962986e-02	 3.4576466522307e-01	 7.6229311682652e-07	 3.4576368089701e-01
-9.5001761844555e-02	 3.4350472317096e-01	 7.6259545210838e-07	 3.4350373854257e-01
-9.4624770726125e-02	 3.4124712089996e-01	 7.6289797878298e-07	 3.4124613596904e-01
-9.4247779607694e-02	 3.3899192018774e-01	 7.6320069701499e-07	 3.3899093495410e-01
-9.3870788489263e-02	 3.3673918285797e-01	 7.6350360696964e-07	 3.3673819732143e-01
-9.3493797370832e-02	 3.3448897077798e-01	 7.6380670881282e-07	 3.3448798493834e-01
-9.3116806252401e-02	 3.3224134585620e-01	 7.6411000271111e-07	 3.3224035971326e-01
-9.2739815133971e-02	 3.2999637003968e-01	 7.6441348883187e-07	 3.2999538359325e-01
-9.2362824015540e-02	 3.2775410531155e-01	 7.6471716734329e-07	 3.2775311856145e-01
-9.1985832897109e-02	 3.2551461368871e-01	 7.6502103841444e-07	 3.2551362663474e-01
-9.1608841778678e-02	 3.2327795721902e-01	 7.6532510221539e-07	 3.2327696986098e-01
-9.1231850660248e-02	 3.2104419797908e-01	 7.6562935891720e-07	 3.2104321031678e-01
-9.0854859541817e-02	 3.1881339807154e-01	 7.6593380869204e-07	 3.1881241010479e-01
-9.0477868423386e-02	 3.1658561962266e-01	 7.6623845171322e-07	 3.1658463135127e-01
-9.0100877304955e-02	 3.1436092477969e-01	 7.6654328815527e-07	 3.1435993620347e-01
-8.9723886186524e-02	 3.1213937570849e-01	 7.6684831819396e-07	 3.1213838682724e-01
-8.9346895068094e-02	 3.0992103459087e-01	 7.6715354200642e-07	 3.0992004540439e-01
-8.8969903949663e-02	 3.0770596362205e-01	 7.6745895977109e-07	 3.0770497413015e-01
-8.8592912831232e-02	 3.0549422500823e-01	 7.6776457166786e-07	 3.0549323521072e-01
-8.8215921712801e-02	 3.0328588096390e-01	 7.6807037787802e-07	 3.0328489086059e-01
-8.7838930594371e-02	 3.0108099370939e-01	 7.6837637858437e-07	 3.0108000330008e-01
-8.7461939475940e-02	 2.9887962546825e-01	 7.6868257397119e-07	 2.9887863475274e-01
-8.7084948357509e-02	 2.9668183846474e-01	 7.6898896422431e-07	 2.9668084744284e-01
-8.6707957239078e-02	 2.9448769492118e-01	 7.6929554953102e-07	 2.9448670359270e-01
-8.6330966120648e-02	 2.9229725705551e-01	 7.6960233008022e-07	 2.9229626542025e-01
-8.5953975002217e-02	 2.9011058707862e-01	 7.6990930606230e-07	 2.9010959513637e-01
-8.5576983883786e-02	 2.8792774719174e-01	 7.7021647766917e-07	 2.8792675494232e-01
-8.5199992765355e-02	 2.8574879958400e-01	 7.7052384509425e-07	 2.8574780702722e-01
-8.4823001646924e-02	 2.8357380642973e-01	 7.7083140853241e-07	 2.8357281356538e-01
-8.4446010528494e-02	 2.8140282988589e-01	 7.7113916817996e-07	 2.8140183671379e-01
-8.4069019410063e-02	 2.7923593208956e-01	 7.7144712423460e-07	 2.7923493860950e-01
-8.3692028291632e-02	 2.7707317515523e-01	 7.7175527689533e-07	 2.7707218136702e-01
-8.3315037173201e-02	 2.7491462117229e-01	 7.7206362636243e-07	 2.7491362707572e-01
-8.2938046054771e-02	 2.7276033220237e-01	 7.7237217283736e-07	 2.7275933779726e-01
-8.2561054936340e-02	 2.7061037027686e-01	 7.7268091652266e-07	 2.7060937556300e-01
-8.2184063817909e-02	 2.6846479739416e-01	 7.7298985762193e-07	 2.6846380237136e-01
-8.1807072699478e-02	 2.6632367551713e-01	 7.7329899633960e-07	 2.6632268018520e-01
-8.1430081581047e-02	 2.6418706657056e-01	 7.7360833288098e-07	 2.6418607092929e-01
-8.1053090462617e-02	 2.6205503243845e-01	 7.7391786745199e-07	 2.6205403648765e-01
-8.0676099344186e-02	 2.5992763496145e-01	 7.7422760025913e-07	 2.5992663870092e-01
-8.0299108225755e-02	 2.5780493593427e-01	 7.7453753150932e-07	 2.5780393936380e-01
-7.9922117107324e-02	 2.5568699710303e-01	 7.7484766140975e-07	 2.5568600022243e-01
-7.9545125988894e-02	 2.5357388016263e-01	 7.7515799016776e-07	 2.5357288297171e-01
-7.9168134870463e-02	 2.5146564675425e-01	 7.7546851799063e-07	 2.5146464925279e-01
-7.8791143752032e-02	 2.4936235846256e-01	 7.7577924508551e-07	 2.4936136065038e-01
-7.8414152633601e-02	 2.4726407681323e-01	 7.7609017165918e-07	 2.4726307869012e-01
-7.8037161515170e-02	 2.4517086327027e-01	 7.7640129791792e-07	 2.4516986483603e-01
-7.7660170396740e-02	 2.4308277923343e-01	 7.7671262406734e-07	 2.4308178048787e-01
-7.7283179278309e-02	 2.4099988603551e-01	 7.7702415031221e-07	 2.4099888697842e-01
-7.6906188159878e-02	 2.3892224493985e-01	 7.7733587685626e-07	 2.3892124557104e-01
-7.6529197041447e-02	 2.3684991713767e-01	 7.7764780390204e-07	 2.3684891745693e-01
-7.6152205923017e-02	 2.3478296374535e-01	 7.7795993165077e-07	 2.3478196375248e-01
-7.5775214804586e-02	 2.3272144580197e-01	 7.7827226030209e-07	 2.3272044549677e-01
-7.5398223686155e-02	 2.3066542426660e-01	 7.7858479005397e-07	 2.3066442364887e-01
-7.5021232567724e-02	 2.2861496001566e-01	 7.7889752110250e-07	 2.2861395908520e-01
-7.4644241449293e-02	 2.2657011384037e-01	 7.7921045364175e-07	 2.2656911259698e-01
-7.4267250330863e-02	 2.2453094644411e-01	 7.7952358786359e-07	 2.2452994488759e-01
-7.3890259212432e-02	 2.2249751843975e-01	 7.7983692395760e-07	 2.2249651656989e-01
-7.3513268094001e-02	 2.2046989034708e-01	 7.8015046211085e-07	 2.2046888816368e-01
-7.3136276975570e-02	 2.1844812259019e-01	 7.8046420250783e-07	 2.1844712009306e-01
-7.2759285857140e-02	 2.1643227549489e-01	 7.8077814533029e-07	 2.1643127268380e-01
-7.2382294738709e-02	 2.1442240928598e-01	 7.8109229075713e-07	 2.1442140616075e-01
-7.2005303620278e-02	 2.1241858408476e-01	 7.8140663896434e-07	 2.1241758064519e-01
-7.1628312501847e-02	 2.1042085990640e-01	 7.8172119012484e-07	 2.1041985615228e-01
-7.1251321383416e-02	 2.0842929665724e-01	 7.8203594440848e-07	 2.0842829258836e-01
-7.0874330264986e-02	 2.0644395413230e-01	 7.8235090198191e-07	 2.0644294974846e-01
-7.0497339146555e-02	 2.0446489201260e-01	 7.8266606300858e-07	 2.0446388731360e-01
-7.0120348028124e-02	 2.0249216986255e-01	 7.8298142764873e-07	 2.0249116484818e-01
-6.9743356909693e-02	 2.0052584712743e-01	 7.8329699605929e-07	 2.0052484179750e-01
-6.9366365791263e-02	 1.9856598313071e-01	 7.8361276839396e-07	 1.9856497748501e-01
-6.8989374672832e-02	 1.9661263707149e-01	 7.8392874480321e-07	 1.9661163110981e-01
-6.8612383554401e-02	 1.9466586802187e-01	 7.8424492543435e-07	 1.9466486174401e-01
-6.8235392435970e-02	 1.9272573492445e-01	 7.8456131043151e-07	 1.9272472833021e-01
-6.7858401317540e-02	 1.9079229658961e-01	 7.8487789993581e-07	 1.9079128967877e-01
-6.7481410199109e-02	 1.8886561169303e-01	 7.8519469408541e-07	 1.8886460446540e-01
-6.7104419080678e-02	 1.8694573877306e-01	 7.8551169301566e-07	 1.8694473122843e-01
-6.6727427962247e-02	 1.8503273622819e-01	 7.8582889685921e-07	 1.8503172836635e-01
-6.6350436843816e-02	 1.8312666231438e-01	 7.8614630574618e-07	 1.8312565413513e-01
-6.5973445725386e-02	 1.8122757514259e-01	 7.8646391980436e-07	 1.8122656664574e-01
-6.5596454606955e-02	 1.7933553267620e-01	 7.8678173915940e-07	 1.7933452386152e-01
-6.5219463488524e-02	 1.7745059272832e-01	 7.8709976393504e-07	 1.7744958359562e-01
-6.4842472370093e-02	 1.7557281295943e-01	 7.8741799425328e-07	 1.7557180350850e-01
-6.4465481251663e-02	 1.7370225087468e-01	 7.8773643023480e-07	 1.7370124110531e-01
-6.4088490133232e-02	 1.7183896382136e-01	 7.8805507199906e-07	 1.7183795373335e-01
-6.3711499014801e-02	 1.6998300898639e-01	 7.8837391966469e-07	 1.6998199857954e-01
-6.3334507896370e-02	 1.6813444339383e-01	 7.8869297334976e-07	 1.6813343266792e-01
-6.2957516777939e-02	 1.6629332390217e-01	 7.8901223317217e-07	 1.6629231285700e-01
-6.2580525659509e-02	 1.6445970720196e-01	 7.8933169924990e-07	 1.6445869583732e-01
-6.2203534541078e-02	 1.6263364981322e-01	 7.8965137170141e-07	 1.6263263812891e-01
-6.1826543422647e-02	 1.6081520808294e-01	 7.8997125064597e-07	 1.6081419607875e-01
-6.1449552304216e-02	 1.5900443818250e-01	 7.9029133620408e-07	 1.5900342585823e-01
-6.1072561185786e-02	 1.5720139610528e-01	 7.9061162849778e-07	 1.5720038346071e-01
-6.0695570067355e-02	 1.5540613766400e-01	 7.9093212765105e-07	 1.5540512469894e-01
-6.0318578948924e-02	 1.5361871848835e-01	 7.9125283379023e-07	 1.5361770520258e-01
-5.9941587830493e-02	 1.5183919402245e-01	 7.9157374704433e-07	 1.5183818041577e-01
-5.9564596712062e-02	 1.5006761952231e-01	 7.9189486754549e-07	 1.5006660559451e-01
-5.9187605593632e-02	 1.4830405005346e-01	 7.9221619542928e-07	 1.4830303580433e-01
-5.8810614475201e-02	 1.4654854048834e-01	 7.9253773083513e-07	 1.4654752591767e-01
-5.8433623356770e-02	 1.4480114550397e-01	 7.9285947390662e-07	 1.4480013061156e-01
-5.8056632238339e-02	 1.4306191957936e-01	 7.9318142479190e-07	 1.4306090436500e-01
-5.7679641119909e-02	 1.4133091699315e-01	 7.9350358364398e-07	 1.4132990145663e-01
-5.7302650001478e-02	 1.3960819182108e-01	 7.9382595062105e-07	 1.3960717596220e-01
-5.6925658883047e-02	 1.3789379793363e-01	 7.9414852588678e-07	 1.3789278175217e-01
-5.6548667764616e-02	 1.3618778899351e-01	 7.9447130961057e-07	 1.3618677248926e-01
-5.6171676646185e-02	 1.3449021845330e-01	 7.9479430196784e-07	 1.3448920162607e-01
-5.5794685527755e-02	 1.3280113955294e-01	 7.9511750314023e-07	 1.3280012240250e-01
-5.5417694409324e-02	 1.3112060531742e-01	 7.9544091331576e-07	 1.3111958784357e-01
-5.5040703290893e-02	 1.2944866855431e-01	 7.9576453268903e-07	 1.2944765075684e-01
-5.4663712172462e-02	 1.2778538185136e-01	 7.9608836146131e-07	 1.2778436373006e-01
-5.4286721054032e-02	 1.2613079757413e-01	 7.9641239984065e-07	 1.2612977912880e-01
-5.3909729935601e-02	 1.2448496786364e-01	 7.9673664804193e-07	 1.2448394909405e-01
-5.3532738817170e-02	 1.2284794463387e-01	 7.9706110628685e-07	 1.2284692553983e-01
-5.3155747698739e-02	 1.2121977956958e-01	 7.9738577480386e-07	 1.2121876015087e-01
-5.2778756580309e-02	 1.1960052412383e-01	 7.9771065382816e-07	 1.1959950438024e-01
-5.2401765461878e-02	 1.1799022951560e-01	 7.9803574360154e-07	 1.1798920944692e-01
-5.2024774343447e-02	 1.1638894672758e-01	 7.9836104437219e-07	 1.1638792633360e-01
-5.1647783225016e-02	 1.1479672650371e-01	 7.9868655639450e-07	 1.1479570578421e-01
-5.1270792106585e-02	 1.1321361934694e-01	 7.9901227992883e-07	 1.1321259830173e-01
-5.0893800988155e-02	 1.1163967551692e-01	 7.9933821524113e-07	 1.1163865414576e-01
-5.0516809869724e-02	 1.1007494502756e-01	 7.9966436260270e-07	 1.1007392333026e-01
-5.0139818751293e-02	 1.0851947764499e-01	 7.9999072228965e-07	 1.0851845562133e-01
-4.9762827632862e-02	 1.0697332288496e-01	 8.0031729458260e-07	 1.0697230053473e-01
-4.9385836514432e-02	 1.0543653001086e-01	 8.0064407976611e-07	 1.0543550733384e-01
-4.9008845396001e-02	 1.0390914803127e-01	 8.0097107812816e-07	 1.0390812502725e-01
-4.8631854277570e-02	 1.0239122569772e-01	 8.0129828995962e-07	 1.0239020236649e-01
-4.8254863159139e-02	 1.0088281150254e-01	 8.0162571555366e-07	 1.0088178784389e-01
-4.7877872040708e-02	 9.9383953676543e-02	 8.0195335520504e-07	 9.9382929690251e-02
-4.7500880922278e-02	 9.7894700186773e-02	 8.0228120920956e-07	 9.7893675872627e-02
-4.7123889803847e-02	 9.6415098734404e-02	 8.0260927786327e-07	 9.6414074092190e-02
-4.6746898685416e-02	 9.4945196752418e-02	 8.0293756146188e-07	 9.4944171781919e-02
-4.6369907566985e-02	 9.3485041403459e-02	 8.0326606029992e-07	 9.3484016104461e-02
-4.5992916448555e-02	 9.2034679577655e-02	 8.0359477467005e-07	 9.2033653949943e-02
-4.5615925330124e-02	 9.0594157890446e-02	 8.0392370486239e-07	 9.0593131933805e-02
-4.5238934211693e-02	 8.9163522680361e-02	 8.0425285116366e-07	 8.9162496394573e-02
-4.4861943093262e-02	 8.7742820006979e-02	 8.0458221385652e-07	 8.7741793391829e-02
-4.4484951974831e-02	 8.6332095648694e-02	 8.0491179321884e-07	 8.6331068703964e-02
-4.4107960856401e-02	 8.4931395100607e-02	 8.0524158952298e-07	 8.4930367826080e-02
-4.3730969737970e-02	 8.3540763572447e-02	 8.0557160303512e-07	 8.3539735967907e-02
-4.3353978619539e-02	 8.2160245986409e-02	 8.0590183401461e-07	 8.2159218051638e-02
-4.2976987501108e-02	 8.0789886975094e-02	 8.0623228271337e-07	 8.0788858709874e-02
-4.2599996382678e-02	 7.9429730879419e-02	 8.0656294937531e-07	 7.9428702283533e-02
-4.2223005264247e-02	 7.8079821746557e-02	 8.0689383423584e-07	 7.8078792819786e-02
-4.1846014145816e-02	 7.6740203327860e-02	 8.0722493752141e-07	 7.6739174069985e-02
-4.1469023027385e-02	 7.5410919076814e-02	 8.0755625944913e-07	 7.5409889487617e-02
-4.1092031908954e-02	 7.4092012146985e-02	 8.0788780022650e-07	 7.4090982226248e-02
-4.0715040790524e-02	 7.2783525390104e-02	 8.0821956005109e-07	 7.2782495137607e-02
-4.0338049672093e-02	 7.1485501353880e-02	 8.0855153911050e-07	 7.1484470769404e-02
-3.9961058553662e-02	 7.0197982280160e-02	 8.0888373758226e-07	 7.0196951363486e-02
-3.9584067435231e-02	 6.8921010102865e-02	 8.0921615563388e-07	 6.8919978853773e-02
-3.9207076316801e-02	 6.7654626446007e-02	 8.0954879342307e-07	 6.7653594864276e-02
-3.8830085198370e-02	 6.6398872621820e-02	 8.0988165109788e-07	 6.6397840707232e-02
-3.8453094079939e-02	 6.5153789628708e-02	 8.1021472879721e-07	 6.5152757381042e-02
-3.8076102961508e-02	 6.3919418149379e-02	 8.1054802665121e-07	 6.3918385568415e-02
-3.7699111843078e-02	 6.2695798548896e-02	 8.1088154478194e-07	 6.2694765634414e-02
-3.7322120724647e-02	 6.1482970872806e-02	 8.1121528330409e-07	 6.1481937624586e-02
-3.6945129606216e-02	 6.0280974845192e-02	 8.1154924232584e-07	 6.0279941263013e-02
-3.6568138487785e-02	 5.9089849866848e-02	 8.1188342194984e-07	 5.9088815950489e-02
-3.6191147369354e-02	 5.7909635013400e-02	 8.1221782227432e-07	 5.7908600762641e-02
-3.5814156250924e-02	 5.6740369033428e-02	 8.1255244339429e-07	 5.6739334448048e-02
-3.5437165132493e-02	 5.5582090346664e-02	 8.1288728540294e-07	 5.5581055426441e-02
-3.5060174014062e-02	 5.4434837042134e-02	 8.1322234839306e-07	 5.4433801786849e-02
-3.4683182895631e-02	 5.3298646876430e-02	 8.1355763245861e-07	 5.3297611285861e-02
-3.4306191777201e-02	 5.2173557271795e-02	 8.1389313769647e-07	 5.2172521345720e-02
-3.3929200658770e-02	 5.1059605314424e-02	 8.1422886420814e-07	 5.1058569052623e-02
-3.3552209540339e-02	 4.9956827752708e-02	 8.1456481210168e-07	 4.9955791154959e-02
-3.3175218421908e-02	 4.8865260995430e-02	 8.1490098149368e-07	 4.8864224061511e-02
-3.2798227303477e-02	 4.7784941110053e-02	 8.1523737251128e-07	 4.7783903839744e-02
-3.2421236185047e-02	 4.6715903821004e-02	 8.1557398529430e-07	 4.6714866214082e-02
-3.2044245066616e-02	 4.5658184507985e-02	 8.1591081999739e-07	 4.5657146564228e-02
-3.1667253948185e-02	 4.4611818204247e-02	 8.1624787679231e-07	 4.4610779923434e-02
-3.1290262829754e-02	 4.3576839594918e-02	 8.1658515587008e-07	 4.3575800976826e-02
-3.0913271711324e-02	 4.2553283015382e-02	 8.1692265744330e-07	 4.2552244059787e-02
-3.0536280592893e-02	 4.1541182449586e-02	 8.1726038174843e-07	 4.1540143156268e-02
-3.0159289474462e-02	 4.0540571528431e-02	 8.1759832904798e-07	 4.0539531897165e-02
-2.9782298356031e-02	 3.9551483528166e-02	 8.1793649963280e-07	 3.9550443558730e-02
-2.9405307237600e-02	 3.8573951368777e-02	 8.1827489382419e-07	 3.8572911060946e-02
-2.9028316119170e-02	 3.7608007612395e-02	 8.1861351197605e-07	 3.7606966965946e-02
-2.8651325000739e-02	 3.6653684461743e-02	 8.1895235447690e-07	 3.6652643476452e-02
-2.8274333882308e-02	 3.5711013758608e-02	 8.1929142175178e-07	 3.5709972434249e-02
-2.7897342763877e-02	 3.4780026982235e-02	 8.1963071426410e-07	 3.4778985318583e-02
-2.7520351645447e-02	 3.3860755247884e-02	 8.1997023251723e-07	 3.3859713244714e-02
-2.7143360527016e-02	 3.2953229305274e-02	 8.2030997705611e-07	 3.2952186962360e-02
-2.6766369408585e-02	 3.2057479537144e-02	 8.2064994846846e-07	 3.2056436854259e-02
-2.6389378290154e-02	 3.1173535957720e-02	 8.2099014738606e-07	 3.1172492934636e-02
-2.6012387171723e-02	 3.0301428211305e-02	 8.2133057448552e-07	 3.0300384847793e-02
-2.5635396053293e-02	 2.9441185570843e-02	 8.2167123048910e-07	 2.9440141866675e-02
-2.5258404934862e-02	 2.8592836936484e-02	 8.2201211616508e-07	 2.8591792891431e-02
-2.4881413816431e-02	 2.7756410834154e-02	 8.2235323232796e-07	 2.7755366447984e-02
-2.4504422698000e-02	 2.6931935414218e-02	 8.2269457983838e-07	 2.6930890686702e-02
-2.4127431579570e-02	 2.6119438450086e-02	 8.2303615960272e-07	 2.6118393380989e-02
-2.3750440461139e-02	 2.5318947336826e-02	 8.2337797257238e-07	 2.5317901925917e-02
-2.3373449342708e-02	 2.4530489089881e-02	 8.2372001974281e-07	 2.4529443336925e-02
-2.2996458224277e-02	 2.3754090343706e-02	 8.2406230215215e-07	 2.3753044248467e-02
-2.2619467105847e-02	 2.2989777350512e-02	 8.2440482087952e-07	 2.2988730912754e-02
-2.2242475987416e-02	 2.2237575978893e-02	 8.2474757704307e-07	 2.2236529198379e-02
-2.1865484868985e-02	 2.1497511712666e-02	 8.2509057179756e-07	 2.1496464589157e-02
-2.1488493750554e-02	 2.0769609649520e-02	 8.2543380633169e-07	 2.0768562182777e-02
-2.1111502632123e-02	 2.0053894499864e-02	 8.2577728186496e-07	 2.0052846689645e-02
-2.0734511513693e-02	 1.9350390585549e-02	 8.2612099964436e-07	 1.9349342431612e-02
-2.0357520395262e-02	 1.8659121838663e-02	 8.2646496094051e-07	 1.8658073340765e-02
-1.9980529276831e-02	 1.7980111800452e-02	 8.2680916704363e-07	 1.7979062958348e-02
-1.9603538158400e-02	 1.7313383619976e-02	 8.2715361925907e-07	 1.7312334433420e-02
-1.9226547039970e-02	 1.6658960053176e-02	 8.2749831890258e-07	 1.6657910521920e-02
-1.8849555921539e-02	 1.6016863461507e-02	 8.2784326729523e-07	 1.6015813585303e-02
-1.8472564803108e-02	 1.5387115811063e-02	 8.2818846575807e-07	 1.5386065589660e-02
-1.8095573684677e-02	 1.4769738671300e-02	 8.2853391560650e-07	 1.4768688104447e-02
-1.7718582566246e-02	 1.4164753214063e-02	 8.2887961814437e-07	 1.4163702301508e-02
-1.7341591447816e-02	 1.3572180212471e-02	 8.2922557465792e-07	 1.3571128953960e-02
-1.6964600329385e-02	 1.2992040039938e-02	 8.2957178640936e-07	 1.2990988435214e-02
-1.6587609210954e-02	 1.2424352669079e-02	 8.2991825463047e-07	 1.2423300717887e-02
-1.6210618092523e-02	 1.1869137670747e-02	 8.3026498051588e-07	 1.1868085372829e-02
-1.5833626974093e-02	 1.1326414213089e-02	 8.3061196521629e-07	 1.1325361568187e-02
-1.5456635855662e-02	 1.0796201060442e-02	 8.3095920983167e-07	 1.0795148068295e-02
-1.5079644737231e-02	 1.0278516572568e-02	 8.3130671540424e-07	 1.0277463232916e-02
-1.4702653618800e-02	 9.7733787035626e-03	 8.3165448291166e-07	 9.7723250161428e-03
-1.4325662500369e-02	 9.2808050010537e-03	 8.3200251326001e-07	 9.2797509656035e-03
-1.3948671381939e-02	 8.8008126052416e-03	 8.3235080727697e-07	 8.7997582214975e-03
-1.3571680263508e-02	 8.3334182480607e-03	 8.3269936570510e-07	 8.3323635157581e-03
-1.3194689145077e-02	 7.8786382522959e-03	 8.3304818919521e-07	 7.8775831711698e-03
-1.2817698026646e-02	 7.4364885307668e-03	 8.3339727829992e-07	 7.4354331005516e-03
-1.2440706908216e-02	 7.0069845855144e-03	 8.3374663346745e-07	 7.0059288059441e-03
-1.2063715789785e-02	 6.5901415069724e-03	 8.3409625503572e-07	 6.5890853777805e-03
-1.1686724671354e-02	 6.1859739732052e-03	 8.3444614322669e-07	 6.1849174941251e-03
-1.1309733552923e-02	 5.7944962491745e-03	 8.3479629814112e-07	 5.7934394199395e-03
-1.0932742434492e-02	 5.4157221859282e-03	 8.3514671975364e-07	 5.4146650062715e-03
-1.0555751316062e-02	 5.0496652199321e-03	 8.3549740790837e-07	 5.0486076895873e-03
-1.0178760197631e-02	 4.6963383723548e-03	 8.3584836231490e-07	 4.6952804910556e-03
-9.8017690792002e-03	 4.3557542483942e-03	 8.3619958254479e-07	 4.3546960158748e-03
-9.4247779607694e-03	 4.0279250365501e-03	 8.3655106802877e-07	 4.0268664525451e-03
-9.0477868423386e-03	 3.7128625080740e-03	 8.3690281805432e-07	 3.7118035723190e-03
-8.6707957239078e-03	 3.4105780162523e-03	 8.3725483176393e-07	 3.4095187284836e-03
-8.2938046054771e-03	 3.1210824958675e-03	 8.3760710815411e-07	 3.1200228558225e-03
-7.9168134870463e-03	 2.8443864625601e-03	 8.3795964607494e-07	 2.8433264699771e-03
-7.5398223686155e-03	 2.5805000123045e-03	 8.3831244423034e-07	 2.5794396669234e-03
-7.1628312501847e-03	 2.3294328208160e-03	 8.3866550117913e-07	 2.3283721223779e-03
-6.7858401317540e-03	 2.0911941430445e-03	 8.3901881533675e-07	 2.0901330912922e-03
-6.4088490133232e-03	 1.8657928127034e-03	 8.3937238497772e-07	 1.8647314073815e-03
-6.0318578948924e-03	 1.6532372416818e-03	 8.3972620823898e-07	 1.6521754825367e-03
-5.6548667764616e-03	 1.4535354196708e-03	 8.4008028312381e-07	 1.4524733064508e-03
-5.2778756580309e-03	 1.2666949136687e-03	 8.4043460750670e-07	 1.2656324461243e-03
-4.9008845396001e-03	 1.0927228675640e-03	 8.4078917913887e-07	 1.0916600454479e-03
-4.5238934211693e-03	 9.3162600169400e-04	 8.4114399565458e-07	 9.3056282476145e-04
-4.1469023027385e-03	 7.8341061251241e-04	 8.4149905457823e-07	 7.8234708052094e-04
-3.7699111843078e-03	 6.4808257218137e-04	 8.4185435333213e-07	 6.4701868489114e-04
-3.3929200658770e-03	 5.2564732820453e-04	 8.4220988924506e-07	 5.2458308537839e-04
-3.0159289474462e-03	 4.1610990313163e-04	 8.4256565956145e-07	 4.1504530453518e-04
-2.6389378290154e-03	 3.1947489424306e-04	 8.4292166145133e-07	 3.1840993964471e-04
-2.2619467105847e-03	 2.3574647324468e-04	 8.4327789202078e-07	 2.3468116241576e-04
-1.8849555921539e-03	 1.6492838599238e-04	 8.4363434832306e-07	 1.6386271870716e-04
-1.5079644737231e-03	 1.0702395227485e-04	 8.4399102737034e-07	 1.0595792831058e-04
-1.1309733552923e-03	 6.2036065552311e-05	 8.4434792614582e-07	 6.0969684689272e-05
-7.5398223686155e-04	 2.9967192741181e-05	 8.4470504161643e-07	 2.8900454762670e-05
-3.7699111843078e-04	 1.0819374053529e-05	 8.4506237074584e-07	 9.7522787458892e-06
 0.0000000000000e+00	 4.5942228234607e-06	 8.4541991050791e-07	 3.5267699760588e-06
 3.7699111843078e-04	 1.1292925317834e-05	 8.4577765790038e-07	 1.0225114723039e-05
 7.5398223686155e-04	 3.0916240657003e-05	 8.4613560995884e-07	 2.9848072110150e-05
 1.1309733552923e-03	 6.3464500653965e-05	 8.4649376377081e-07	 6.2395973953300e-05
 1.5079644737231e-03	 1.0893760980327e-04	 8.4685211648992e-07	 1.0786872474988e-04
 1.8849555921539e-03	 1.6733504511416e-04	 8.4721066535024e-07	 1.6626580151191e-04
 2.2619467105847e-03	 2.3865585612636e-04	 8.4756940768038e-07	 2.3758625378179e-04
 2.6389378290154e-03	 3.2289866485947e-04	 8.4792834091762e-07	 3.2182870358166e-04
 3.0159289474462e-03	 4.2006166579232e-04	 8.4828746262184e-07	 4.1899134539281e-04
 3.3929200658770e-03	 5.3014262590760e-04	 8.4864677048905e-07	 5.2907194620022e-04
 3.7699111843078e-03	 6.5313888470768e-04	 8.4900626236479e-07	 6.5206784550842e-04
 4.1469023027385e-03	 7.8904735423832e-04	 8.4936593625696e-07	 7.8797595536517e-04
 4.5238934211693e-03	 9.3786451916792e-04	 8.4972579034826e-07	 9.3679276044067e-04
 4.9008845396001e-03	 1.0995864369219e-03	 8.5008582300802e-07	 1.0985143181620e-03
 5.2778756580309e-03	 1.2742087377465e-03	 8.5044603280341e-07	 1.2731362587768e-03
 5.6548667764616e-03	 1.4617266248305e-03	 8.5080641851003e-07	 1.4606537854751e-03
 6.0318578948924e-03	 1.6621348745256e-03	 8.5116697912160e-07	 1.6610616746096e-03
 6.4088490133232e-03	 1.8754278364002e-03	 8.5152771385900e-07	 1.8743542757494e-03
 6.7858401317540e-03	 2.1015994335745e-03	 8.5188862217825e-07	 2.1005255120154e-03
 7.1628312501847e-03	 2.3406431627836e-03	 8.5224970377772e-07	 2.3395688801430e-03
 7.5398223686155e-03	 2.5925520947066e-03	 8.5261095860423e-07	 2.5914774508111e-03
 7.9168134870463e-03	 2.8573188741660e-03	 8.5297238685821e-07	 2.8562438688422e-03
 8.2938046054771e-03	 3.1349357204415e-03	 8.5333398899763e-07	 3.1338603535156e-03
 8.6707957239078e-03	 3.4253944274956e-03	 8.5369576574103e-07	 3.4243186987930e-03
 9.0477868423386e-03	 3.7286863643467e-03	 8.5405771806922e-07	 3.7276102736917e-03
 9.4247779607694e-03	 4.0448024753258e-03	 8.5441984722594e-07	 4.0437260225417e-03
 9.8017690792002e-03	 4.3737332805136e-03	 8.5478215471715e-07	 4.3726564654220e-03
 1.0178760197631e-02	 4.7154688759885e-03	 8.5514464230937e-07	 4.7143916984093e-03
 1.0555751316062e-02	 5.0699989343604e-03	 8.5550731202650e-07	 5.0689213941115e-03
 1.0932742434492e-02	 5.4373127050460e-03	 8.5587016614573e-07	 5.4362348019430e-03
 1.1309733552923e-02	 5.8173990147534e-03	 8.5623320719197e-07	 5.8163207486093e-03
 1.1686724671354e-02	 6.2102462678984e-03	 8.5659643793127e-07	 6.2091676385235e-03
 1.2063715789785e-02	 6.6158424471397e-03	 8.5695986136289e-07	 6.6147634543414e-03
 1.2440706908216e-02	 7.0341751137570e-03	 8.5732348071036e-07	 7.0330957573393e-03
 1.2817698026646e-02	 7.4652314082436e-03	 8.5768729941131e-07	 7.4641516880073e-03
 1.3194689145077e-02	 7.9089980507680e-03	 8.5805132110619e-07	 7.9079179665100e-03
 1.3571680263508e-02	 8.3654613417741e-03	 8.5841554962604e-07	 8.3643808932876e-03
 1.3948671381939e-02	 8.8346071624690e-03	 8.5877998897909e-07	 8.8335263495432e-03
 1.4325662500369e-02	 9.3164209754878e-03	 8.5914464333661e-07	 9.3153397979076e-03
 1.4702653618800e-02	 9.8108878253952e-03	 8.5950951701763e-07	 9.8098062829413e-03
 1.5079644737231e-02	 1.0317992339406e-02	 8.5987461447303e-07	 1.0316910431855e-02
 1.5456635855662e-02	 1.0837718727976e-02	 8.6023994026877e-07	 1.0836636455099e-02
 1.5833626974093e-02	 1.1370050785426e-02	 8.6060549906844e-07	 1.1368968146990e-02
 1.6210618092523e-02	 1.1914971890706e-02	 8.6097129561520e-07	 1.1913888886473e-02
 1.6587609210954e-02	 1.2472465007990e-02	 8.6133733471326e-07	 1.2471381637718e-02
 1.6964600329385e-02	 1.3042512687488e-02	 8.6170362120884e-07	 1.3041428950930e-02
 1.7341591447816e-02	 1.3625097066094e-02	 8.6207015997077e-07	 1.3624012962997e-02
 1.7718582566246e-02	 1.4220199868216e-02	 8.6243695587097e-07	 1.4219115398324e-02
 1.8095573684677e-02	 1.4827802406503e-02	 8.6280401376454e-07	 1.4826717569553e-02
 1.8472564803108e-02	 1.5447885582655e-02	 8.6317133847005e-07	 1.5446800378380e-02
 1.8849555921539e-02	 1.6080429888237e-02	 8.6353893474963e-07	 1.6079344316365e-02
 1.9226547039970e-02	 1.6725415405479e-02	 8.6390680728933e-07	 1.6724329465734e-02
 1.9603538158400e-02	 1.7382821808194e-02	 8.6427496067964e-07	 1.7381735500296e-02
 1.9980529276831e-02	 1.8052628362573e-02	 8.6464339939637e-07	 1.8051541686237e-02
 2.0357520395262e-02	 1.8734813928136e-02	 8.6501212778194e-07	 1.8733726883071e-02
 2.0734511513693e-02	 1.9429356958598e-02	 8.6538115002723e-07	 1.9428269544511e-02
 2.1111502632123e-02	 2.0136235502800e-02	 8.6575047015393e-07	 2.0135147719393e-02
 2.1488493750554e-02	 2.0855427205680e-02	 8.6612009199773e-07	 2.0854339052651e-02
 2.1865484868985e-02	 2.1586909309231e-02	 8.6649001919225e-07	 2.1585820786275e-02
 2.2242475987416e-02	 2.2330658653468e-02	 8.6686025515377e-07	 2.2329569760276e-02
 2.2619467105847e-02	 2.3086651677440e-02	 8.6723080306708e-07	 2.3085562413700e-02
 2.2996458224277e-02	 2.3854864420267e-02	 8.6760166587220e-07	 2.3853774785665e-02
 2.3373449342708e-02	 2.4635272522142e-02	 8.6797284625230e-07	 2.4634182516359e-02
 2.3750440461139e-02	 2.5427851225463e-02	 8.6834434662277e-07	 2.5426760848179e-02
 2.4127431579570e-02	 2.6232575375822e-02	 8.6871616912149e-07	 2.6231484626716e-02
 2.4504422698000e-02	 2.7049419423188e-02	 8.6908831560037e-07	 2.7048328301936e-02
 2.4881413816431e-02	 2.7878357422920e-02	 8.6946078761835e-07	 2.7877265929196e-02
 2.5258404934862e-02	 2.8719363037072e-02	 8.6983358643544e-07	 2.8718271170549e-02
 2.5635396053293e-02	 2.9572409535342e-02	 8.7020671300863e-07	 2.9571317295692e-02
 2.6012387171723e-02	 3.0437469796382e-02	 8.7058016798875e-07	 3.0436377183277e-02
 2.6389378290154e-02	 3.1314516308936e-02	 8.7095395171909e-07	 3.1313423322047e-02
 2.6766369408585e-02	 3.2203521173112e-02	 8.7132806423526e-07	 3.2202427812111e-02
 2.7143360527016e-02	 3.3104456101506e-02	 8.7170250526665e-07	 3.3103362366064e-02
 2.7520351645447e-02	 3.4017292420517e-02	 8.7207727423924e-07	 3.4016198310305e-02
 2.7897342763877e-02	 3.4942001071600e-02	 8.7245237027983e-07	 3.4940906586292e-02
 2.8274333882308e-02	 3.5878552612577e-02	 8.7282779222171e-07	 3.5877457751848e-02
 2.8651325000739e-02	 3.6826917218869e-02	 8.7320353861173e-07	 3.6825821982394e-02
 2.9028316119170e-02	 3.7787064684871e-02	 8.7357960771858e-07	 3.7785969072326e-02
 2.9405307237600e-02	 3.8758964425268e-02	 8.7395599754256e-07	 3.8757868436333e-02
 2.9782298356031e-02	 3.9742585476377e-02	 8.7433270582640e-07	 3.9741489110734e-02
 3.0159289474462e-02	 4.0737896497569e-02	 8.7470973006739e-07	 4.0736799754902e-02
 3.0536280592893e-02	 4.1744865772581e-02	 8.7508706753062e-07	 4.1743768652576e-02
 3.0913271711324e-02	 4.2763461211019e-02	 8.7546471526321e-07	 4.2762363713367e-02
 3.1290262829754e-02	 4.3793650349660e-02	 8.7584267010960e-07	 4.3792552474053e-02
 3.1667253948185e-02	 4.4835400354034e-02	 8.7622092872769e-07	 4.4834302100168e-02
 3.2044245066616e-02	 4.5888678019772e-02	 8.7659948760585e-07	 4.5887579387348e-02
 3.2421236185047e-02	 4.6953449774130e-02	 8.7697834308062e-07	 4.6952350762850e-02
 3.2798227303477e-02	 4.8029681677481e-02	 8.7735749135508e-07	 4.8028582287053e-02
 3.3175218421908e-02	 4.9117339424831e-02	 8.7773692851772e-07	 4.9116239654966e-02
 3.3552209540339e-02	 5.0216388347315e-02	 8.7811665056184e-07	 5.0215288197728e-02
 3.3929200658770e-02	 5.1326793413760e-02	 8.7849665340525e-07	 5.1325692884170e-02
 3.4306191777201e-02	 5.2448519232275e-02	 8.7887693291024e-07	 5.2447418322405e-02
 3.4683182895631e-02	 5.3581530051772e-02	 8.7925748490366e-07	 5.3580428761351e-02
 3.5060174014062e-02	 5.4725789763577e-02	 8.7963830519716e-07	 5.4724688092335e-02
 3.5437165132493e-02	 5.5881261903098e-02	 8.8001938960720e-07	 5.5880159850772e-02
 3.5814156250924e-02	 5.7047909651348e-02	 8.8040073397509e-07	 5.7046807217677e-02
 3.6191147369354e-02	 5.8225695836674e-02	 8.8078233418668e-07	 5.8224593021403e-02
 3.6568138487785e-02	 5.9414582936357e-02	 8.8116418619169e-07	 5.9413479739234e-02
 3.6945129606216e-02	 6.0614533078333e-02	 8.8154628602262e-07	 6.0613429499110e-02
 3.7322120724647e-02	 6.1825508042835e-02	 8.8192862981314e-07	 6.1824404081269e-02
 3.7699111843078e-02	 6.3047469264122e-02	 8.8231121381582e-07	 6.3046364919972e-02
 3.8076102961508e-02	 6.4280377832224e-02	 8.8269403441908e-07	 6.4279273105253e-02
 3.8453094079939e-02	 6.5524194494614e-02	 8.8307708816351e-07	 6.5523089384589e-02
 3.8830085198370e-02	 6.6778879658013e-02	 8.8346037175714e-07	 6.6777774164705e-02
 3.9207076316801e-02	 6.8044393390130e-02	 8.8384388208982e-07	 6.8043287513311e-02
 3.9584067435231e-02	 6.9320695421476e-02	 8.8422761624663e-07	 6.9319589160923e-02
 3.9961058553662e-02	 7.0607745147067e-02	 8.8461157152017e-07	 7.0606638502559e-02
 4.0338049672093e-02	 7.1905501628377e-02	 8.8499574542167e-07	 7.1904394599694e-02
 4.0715040790524e-02	 7.3213923595049e-02	 8.8538013569103e-07	 7.3212816181976e-02
 4.1092031908954e-02	 7.4532969446754e-02	 8.8576474030557e-07	 7.4531861649076e-02
 4.1469023027385e-02	 7.5862597255113e-02	 8.8614955748749e-07	 7.5861489072618e-02
 4.1846014145816e-02	 7.7202764765459e-02	 8.8653458571015e-07	 7.7201656197937e-02
 4.2223005264247e-02	 7.8553429398815e-02	 8.8691982370295e-07	 7.8552320446054e-02
 4.2599996382678e-02	 7.9914548253741e-02	 8.8730527045497e-07	 7.9913438915534e-02
 4.2976987501108e-02	 8.1286078108244e-02	 8.8769092521721e-07	 8.1284968384382e-02
 4.3353978619539e-02	 8.2667975421716e-02	 8.8807678750358e-07	 8.2666865311992e-02
 4.3730969737970e-02	 8.4060196336909e-02	 8.8846285709061e-07	 8.4059085841115e-02
 4.4107960856401e-02	 8.5462696681791e-02	 8.8884913401575e-07	 8.5461585799720e-02
 4.4484951974831e-02	 8.6875431971617e-02	 8.8923561857450e-07	 8.6874320703062e-02
 4.4861943093262e-02	 8.8298357410838e-02	 8.8962231131630e-07	 8.8297245755590e-02
 4.5238934211693e-02	 8.9731427895141e-02	 8.9000921303919e-07	 8.9730315852991e-02
 4.5615925330124e-02	 9.1174598013429e-02	 8.9039632478335e-07	 9.1173485584167e-02
 4.5992916448555e-02	 9.2627822049827e-02	 8.9078364782348e-07	 9.2626709233242e-02
 4.6369907566985e-02	 9.4091053985765e-02	 8.9117118366023e-07	 9.4089940781645e-02
 4.6746898685416e-02	 9.5564247501994e-02	 8.9155893401048e-07	 9.5563133910123e-02
 4.7123889803847e-02	 9.7047355980630e-02	 8.9194690079689e-07	 9.7046242000792e-02
 4.7500880922278e-02	 9.8540332507263e-02	 8.9233508613647e-07	 9.8539218139240e-02
 4.7877872040708e-02	 1.0004312987302e-01	 8.9272349232834e-07	 1.0004201511659e-01
 4.8254863159139e-02	 1.0155570057665e-01	 8.9311212184092e-07	 1.0155458543160e-01
 4.8631854277570e-02	 1.0307799682672e-01	 8.9350097729837e-07	 1.0307688129280e-01
 4.9008845396001e-02	 1.0460997054360e-01	 8.9389006146654e-07	 1.0460885462060e-01
 4.9385836514432e-02	 1.0615157336170e-01	 8.9427937723840e-07	 1.0615045704938e-01
 4.9762827632862e-02	 1.0770275663162e-01	 8.9466892761920e-07	 1.0770163992975e-01
 5.0139818751293e-02	 1.0926347142225e-01	 8.9505871571121e-07	 1.0926235433060e-01
 5.0516809869724e-02	 1.1083366852298e-01	 8.9544874469834e-07	 1.1083255104130e-01
 5.0893800988155e-02	 1.1241329844594e-01	 8.9583901783058e-07	 1.1241218057399e-01
 5.1270792106585e-02	 1.1400231142808e-01	 8.9622953840845e-07	 1.1400119316560e-01
 5.1647783225016e-02	 1.1560065743347e-01	 8.9662030976745e-07	 1.1559953878022e-01
 5.2024774343447e-02	 1.1720828615548e-01	 8.9701133526267e-07	 1.1720716711121e-01
 5.2401765461878e-02	 1.1882514701906e-01	 8.9740261825358e-07	 1.1882402758350e-01
 5.2778756580309e-02	 1.2045118918295e-01	 8.9779416208908e-07	 1.2045006935585e-01
 5.3155747698739e-02	 1.2208636154189e-01	 8.9818597009301e-07	 1.2208524132298e-01
 5.3532738817170e-02	 1.2373061272903e-01	 8.9857804554996e-07	 1.2372949211805e-01
 5.3909729935601e-02	 1.2538389111807e-01	 8.9897039169167e-07	 1.2538277011474e-01
 5.4286721054032e-02	 1.2704614482558e-01	 8.9936301168391e-07	 1.2704502342964e-01
 5.4663712172462e-02	 1.2871732171339e-01	 8.9975590861410e-07	 1.2871619992455e-01
 5.5040703290893e-02	 1.3039736939079e-01	 9.0014908547944e-07	 1.3039624720877e-01
 5.5417694409324e-02	 1.3208623521690e-01	 9.0054254517598e-07	 1.3208511264142e-01
 5.5794685527755e-02	 1.3378386630305e-01	 9.0093629048823e-07	 1.3378274333382e-01
 5.6171676646185e-02	 1.3549020951506e-01	 9.0133032407977e-07	 1.3548908615180e-01
 5.6548667764616e-02	 1.3720521147558e-01	 9.0172464848463e-07	 1.3720408771799e-01
 5.6925658883047e-02	 1.3892881856658e-01	 9.0211926609955e-07	 1.3892769441438e-01
 5.7302650001478e-02	 1.4066097693158e-01	 9.0251417917714e-07	 1.4065985238446e-01
 5.7679641119909e-02	 1.4240163247811e-01	 9.0290938982006e-07	 1.4240050753578e-01
 5.8056632238339e-02	 1.4415073088013e-01	 9.0330489997594e-07	 1.4414960554229e-01
 5.8433623356770e-02	 1.4590821758035e-01	 9.0370071143347e-07	 1.4590709184671e-01
 5.8810614475201e-02	 1.4767403779275e-01	 9.0409682581931e-07	 1.4767291166299e-01
 5.9187605593632e-02	 1.4944813650495e-01	 9.0449324459594e-07	 1.4944700997877e-01
 5.9564596712062e-02	 1.5123045848063e-01	 9.0488996906049e-07	 1.5122933155773e-01
 5.9941587830493e-02	 1.5302094826200e-01	 9.0528700034452e-07	 1.5301982094207e-01
 6.0318578948924e-02	 1.5481955017226e-01	 9.0568433941461e-07	 1.5481842245498e-01
 6.0695570067355e-02	 1.5662620831807e-01	 9.0608198707396e-07	 1.5662508020314e-01
 6.1072561185786e-02	 1.5844086659197e-01	 9.0647994396467e-07	 1.5843973807909e-01
 6.1449552304216e-02	 1.6026346867490e-01	 9.0687821057102e-07	 1.6026233976375e-01
 6.1826543422647e-02	 1.6209395803874e-01	 9.0727678722341e-07	 1.6209282872902e-01
 6.2203534541078e-02	 1.6393227794869e-01	 9.0767567410310e-07	 1.6393114824008e-01
 6.2580525659509e-02	 1.6577837146585e-01	 9.0807487124758e-07	 1.6577724135804e-01
 6.2957516777939e-02	 1.6763218144974e-01	 9.0847437855669e-07	 1.6763105094242e-01
 6.3334507896370e-02	 1.6949365056079e-01	 9.0887419579919e-07	 1.6949251965366e-01
 6.3711499014801e-02	 1.7136272126288e-01	 9.0927432262009e-07	 1.7136158995563e-01
 6.4088490133232e-02	 1.7323933582590e-01	 9.0967475854820e-07	 1.7323820411821e-01
 6.4465481251663e-02	 1.7512343632826e-01	 9.1007550300432e-07	 1.7512230421982e-01
 6.4842472370093e-02	 1.7701496465941e-01	 9.1047655530976e-07	 1.7701383214992e-01
 6.5219463488524e-02	 1.7891386252255e-01	 9.1087791469505e-07	 1.7891272961170e-01
 6.5596454606955e-02	 1.8082007143697e-01	 9.1127958030910e-07	 1.8081893812446e-01
 6.5973445725386e-02	 1.8273353274083e-01	 9.1168155122840e-07	 1.8273239902634e-01
 6.6350436843816e-02	 1.8465418759362e-01	 9.1208382646643e-07	 1.8465305347686e-01
 6.6727427962247e-02	 1.8658197697878e-01	 9.1248640498313e-07	 1.8658084245944e-01
 6.7104419080678e-02	 1.8851684170628e-01	 9.1288928569436e-07	 1.8851570678405e-01
 6.7481410199109e-02	 1.9045872241524e-01	 9.1329246748140e-07	 1.9045758708984e-01
 6.7858401317540e-02	 1.9240755957653e-01	 9.1369594920031e-07	 1.9240642384764e-01
 6.8235392435970e-02	 1.9436329349535e-01	 9.1409972969107e-07	 1.9436215736269e-01
 6.8612383554401e-02	 1.9632586431390e-01	 9.1450380778670e-07	 1.9632472777715e-01
 6.8989374672832e-02	 1.9829521201396e-01	 9.1490818232199e-07	 1.9829407507284e-01
 6.9366365791263e-02	 2.0027127641953e-01	 9.1531285214203e-07	 2.0027013907374e-01
 6.9743356909693e-02	 2.0225399719943e-01	 9.1571781611032e-07	 2.0225285944867e-01
 7.0120348028124e-02	 2.0424331387005e-01	 9.1612307311664e-07	 2.0424217571404e-01
 7.0497339146555e-02	 2.0623916579786e-01	 9.1652862208438e-07	 2.0623802723630e-01
 7.0874330264986e-02	 2.0824149220208e-01	 9.1693446197756e-07	 2.0824035323468e-01
 7.1251321383416e-02	 2.1025023215747e-01	 9.1734059180726e-07	 2.1024909278394e-01
 7.1628312501847e-02	 2.1226532459678e-01	 9.1774701063769e-07	 2.1226418481683e-01
 7.2005303620278e-02	 2.1428670831355e-01	 9.1815371759163e-07	 2.1428556812690e-01
 7.2382294738709e-02	 2.1631432196478e-01	 9.1856071185539e-07	 2.1631318137113e-01
 7.2759285857140e-02	 2.1834810407351e-01	 9.1896799268327e-07	 2.1834696307258e-01
 7.3136276975570e-02	 2.2038799303156e-01	 9.1937555940141e-07	 2.2038685162307e-01
 7.3513268094001e-02	 2.2243392710224e-01	 9.1978341141104e-07	 2.2243278528589e-01
 7.3890259212432e-02	 2.2448584442293e-01	 9.2019154819127e-07	 2.2448470219845e-01
 7.4267250330863e-02	 2.2654368300785e-01	 9.2059996930126e-07	 2.2654254037495e-01
 7.4644241449293e-02	 2.2860738075075e-01	 9.2100867438182e-07	 2.2860623770914e-01
 7.5021232567724e-02	 2.3067687542753e-01	 9.2141766315642e-07	 2.3067573197693e-01
 7.5398223686155e-02	 2.3275210469903e-01	 9.2182693543180e-07	 2.3275096083916e-01
 7.5775214804586e-02	 2.3483300611365e-01	 9.2223649109788e-07	 2.3483186184423e-01
 7.6152205923017e-02	 2.3691951711014e-01	 9.2264633012725e-07	 2.3691837243088e-01
 7.6529197041447e-02	 2.3901157502021e-01	 9.2305645257416e-07	 2.3901042993082e-01
 7.6906188159878e-02	 2.4110911707127e-01	 9.2346685857305e-07	 2.4110797157147e-01
 7.7283179278309e-02	 2.4321208038922e-01	 9.2387754833653e-07	 2.4321093447873e-01
 7.7660170396740e-02	 2.4532040200104e-01	 9.2428852215308e-07	 2.4531925567958e-01
 7.8037161515170e-02	 2.4743401883758e-01	 9.2469978038430e-07	 2.4743287210486e-01
 7.8414152633601e-02	 2.4955286773628e-01	 9.2511132346176e-07	 2.4955172059202e-01
 7.8791143752032e-02	 2.5167688544386e-01	 9.2552315188352e-07	 2.5167573788777e-01
 7.9168134870463e-02	 2.5380600861905e-01	 9.2593526621048e-07	 2.5380486065085e-01
 7.9545125988894e-02	 2.5594017383534e-01	 9.2634766706224e-07	 2.5593902545474e-01
 7.9922117107324e-02	 2.5807931758369e-01	 9.2676035511294e-07	 2.5807816879039e-01
 8.0299108225755e-02	 2.6022337627520e-01	 9.2717333108675e-07	 2.6022222706894e-01
 8.0676099344186e-02	 2.6237228624398e-01	 9.2758659575332e-07	 2.6237113662445e-01
 8.1053090462617e-02	 2.6452598374973e-01	 9.2800014992301e-07	 2.6452483371665e-01
 8.1430081581047e-02	 2.6668440498056e-01	 9.2841399444205e-07	 2.6668325453362e-01
 8.1807072699478e-02	 2.6884748605569e-01	 9.2882813018770e-07	 2.6884633519462e-01
 8.2184063817909e-02	 2.7101516302820e-01	 9.2924255806330e-07	 2.7101401175271e-01
 8.2561054936340e-02	 2.7318737188775e-01	 9.2965727899335e-07	 2.7318622019753e-01
 8.2938046054771e-02	 2.7536404856335e-01	 9.3007229391871e-07	 2.7536289645812e-01
 8.3315037173201e-02	 2.7754512892603e-01	 9.3048760379179e-07	 2.7754397640549e-01
 8.3692028291632e-02	 2.7973054879162e-01	 9.3090320957178e-07	 2.7972939585548e-01
 8.4069019410063e-02	 2.8192024392348e-01	 9.3131911222022e-07	 2.8191909057144e-01
 8.4446010528494e-02	 2.8411415003528e-01	 9.3173531269643e-07	 2.8411299626704e-01
 8.4823001646924e-02	 2.8631220279363e-01	 9.3215181195342e-07	 2.8631104860889e-01
 8.5199992765355e-02	 2.8851433782090e-01	 9.3256861093371e-07	 2.8851318321935e-01
 8.5576983883786e-02	 2.9072049069795e-01	 9.3298571056565e-07	 2.9071933567930e-01
 8.5953975002217e-02	 2.9293059696682e-01	 9.3340311175968e-07	 2.9292944153077e-01
 8.6330966120648e-02	 2.9514459213350e-01	 9.3382081540512e-07	 2.9514343627975e-01
 8.6707957239078e-02	 2.9736241167069e-01	 9.3423882236698e-07	 2.9736125539893e-01
 8.7084948357509e-02	 2.9958399102045e-01	 9.3465713348328e-07	 2.9958283433038e-01
 8.7461939475940e-02	 3.0180926559700e-01	 9.3507574956242e-07	 3.0180810848831e-01
 8.7838930594371e-02	 3.0403817078946e-01	 9.3549467138103e-07	 3.0403701326185e-01
 8.8215921712801e-02	 3.0627064196449e-01	 9.3591389968201e-07	 3.0626948401765e-01
 8.8592912831232e-02	 3.0850661446911e-01	 9.3633343517291e-07	 3.0850545610274e-01
 8.8969903949663e-02	 3.1074602363342e-01	 9.3675327852454e-07	 3.1074486484720e-01
 8.9346895068094e-02	 3.1298880477324e-01	 9.3717343037003e-07	 3.1298764556687e-01
 8.9723886186524e-02	 3.1523489319292e-01	 9.3759389130399e-07	 3.1523373356610e-01
 9.0100877304955e-02	 3.1748422418805e-01	 9.3801466188208e-07	 3.1748306414045e-01
 9.0477868423386e-02	 3.1973673304810e-01	 9.3843574262084e-07	 3.1973557257942e-01
 9.0854859541817e-02	 3.2199235505923e-01	 9.3885713399779e-07	 3.2199119416916e-01
 9.1231850660248e-02	 3.2425102550697e-01	 9.3927883645174e-07	 3.2424986419520e-01
 9.1608841778678e-02	 3.2651267967891e-01	 9.3970085038339e-07	 3.2651151794512e-01
 9.1985832897109e-02	 3.2877725286740e-01	 9.4012317615622e-07	 3.2877609071129e-01
 9.2362824015540e-02	 3.3104468037231e-01	 9.4054581409746e-07	 3.3104351779356e-01
 9.2739815133971e-02	 3.3331489750368e-01	 9.4096876449942e-07	 3.3331373450198e-01
 9.3116806252401e-02	 3.3558783958445e-01	 9.4139202762091e-07	 3.3558667615949e-01
 9.3493797370832e-02	 3.3786344195310e-01	 9.4181560368882e-07	 3.3786227810456e-01
 9.3870788489263e-02	 3.4014163996642e-01	 9.4223949289997e-07	 3.4014047569399e-01
 9.4247779607694e-02	 3.4242236900215e-01	 9.4266369542295e-07	 3.4242120430552e-01
 9.4624770726125e-02	 3.4470556446163e-01	 9.4308821140022e-07	 3.4470439934048e-01
 9.5001761844555e-02	 3.4699116177257e-01	 9.4351304095014e-07	 3.4698999622660e-01
 9.5378752962986e-02	 3.4927909639166e-01	 9.4393818416932e-07	 3.4927793042054e-01
 9.5755744081417e-02	 3.5156930380720e-01	 9.4436364113474e-07	 3.5156813741062e-01
 9.6132735199848e-02	 3.5386171954191e-01	 9.4478941190616e-07	 3.5386055271957e-01
 9.6509726318278e-02	 3.5615627915545e-01	 9.4521549652845e-07	 3.5615511190702e-01
 9.6886717436709e-02	 3.5845291824711e-01	 9.4564189503393e-07	 3.5845175057228e-01
 9.7263708555140e-02	 3.6075157245855e-01	 9.4606860744469e-07	 3.6075040435701e-01
 9.7640699673571e-02	 3.6305217747633e-01	 9.4649563377500e-07	 3.6305100894776e-01
 9.8017690792002e-02	 3.6535466903458e-01	 9.4692297403345e-07	 3.6535350007867e-01
 9.8394681910432e-02	 3.6765898291773e-01	 9.4735062822533e-07	 3.6765781353417e-01
 9.8771673028863e-02	 3.6996505496302e-01	 9.4777859635464e-07	 3.6996388515148e-01
 9.9148664147294e-02	 3.7227282106317e-01	 9.4820687842631e-07	 3.7227165082336e-01
 9.9525655265725e-02	 3.7458221716903e-01	 9.4863547444808e-07	 3.7458104650062e-01
 9.9902646384155e-02	 3.7689317929219e-01	 9.4906438443242e-07	 3.7689200819486e-01
 1.0027963750259e-01	 3.7920564350753e-01	 9.4949360839832e-07	 3.7920447198098e-01
 1.0065662862102e-01	 3.8151954595587e-01	 9.4992314637292e-07	 3.8151837399979e-01
 1.0103361973945e-01	 3.8383482284661e-01	 9.5035299839303e-07	 3.8383365046067e-01
 1.0141061085788e-01	 3.8615141046021e-01	 9.5078316450654e-07	 3.8615023764411e-01
 1.0178760197631e-01	 3.8846924515086e-01	 9.5121364477365e-07	 3.8846807190427e-01
 1.0216459309474e-01	 3.9078826334905e-01	 9.5164443926800e-07	 3.9078708967167e-01
 1.0254158421317e-01	 3.9310840156409e-01	 9.5207554807762e-07	 3.9310722745560e-01
 1.0291857533160e-01	 3.9542959638673e-01	 9.5250697130576e-07	 3.9542842184682e-01
 1.0329556645003e-01	 3.9775178449171e-01	 9.5293870907157e-07	 3.9775060952006e-01
 1.0367255756846e-01	 4.0007490264025e-01	 9.5337076151062e-07	 4.0007372723655e-01
 1.0404954868689e-01	 4.0239888768267e-01	 9.5380312877532e-07	 4.0239771184660e-01
 1.0442653980532e-01	 4.0472367656092e-01	 9.5423581103510e-07	 4.0472250029217e-01
 1.0480353092376e-01	 4.0704920631103e-01	 9.5466880847661e-07	 4.0704802960928e-01
 1.0518052204219e-01	 4.0937541406570e-01	 9.5510212130367e-07	 4.0937423693064e-01
 1.0555751316062e-01	 4.1170223705682e-01	 9.5553574973710e-07	 4.1170105948813e-01
 1.0593450427905e-01	 4.1402961261794e-01	 9.5596969401449e-07	 4.1402843461531e-01
 1.0631149539748e-01	 4.1635747818676e-01	 9.5640395438984e-07	 4.1635629974987e-01
 1.0668848651591e-01	 4.1868577130768e-01	 9.5683853113305e-07	 4.1868459243621e-01
 1.0706547763434e-01	 4.2101442963419e-01	 9.5727342452939e-07	 4.2101325032783e-01
 1.0744246875277e-01	 4.2334339093144e-01	 9.5770863487877e-07	 4.2334221118987e-01
 1.0781945987120e-01	 4.2567259307863e-01	 9.5814416249507e-07	 4.2567141290153e-01
 1.0819645098963e-01	 4.2800197407151e-01	 9.5858000770530e-07	 4.2800079345857e-01
 1.0857344210806e-01	 4.3033147202482e-01	 9.5901617084872e-07	 4.3033029097571e-01
 1.0895043322649e-01	 4.3266102517469e-01	 9.5945265227595e-07	 4.3265984368910e-01
 1.0932742434492e-01	 4.3499057188114e-01	 9.5988945234793e-07	 4.3498938995875e-01
 1.0970441546336e-01	 4.3732005063043e-01	 9.6032657143504e-07	 4.3731886827093e-01
 1.1008140658179e-01	 4.3964940003753e-01	 9.6076400991595e-07	 4.3964821724058e-01
 1.1045839770022e-01	 4.4197855884849e-01	 9.6120176817666e-07	 4.4197737561379e-01
 1.1083538881865e-01	 4.4430746594284e-01	 9.6163984660947e-07	 4.4430628227006e-01
 1.1121237993708e-01	 4.4663606033597e-01	 9.6207824561187e-07	 4.4663487622478e-01
 1.1158937105551e-01	 4.4896428118152e-01	 9.6251696558556e-07	 4.4896309663162e-01
 1.1196636217394e-01	 4.5129206777375e-01	 9.6295600693544e-07	 4.5129088278480e-01
 1.1234335329237e-01	 4.5361935954982e-01	 9.6339537006862e-07	 4.5361817412151e-01
 1.1272034441080e-01	 4.5594609609228e-01	 9.6383505539347e-07	 4.5594491022429e-01
 1.1309733552923e-01	 4.5827221713127e-01	 9.6427506331868e-07	 4.5827103082327e-01
 1.1347432664766e-01	 4.6059766254688e-01	 9.6471539425247e-07	 4.6059647579855e-01
 1.1385131776609e-01	 4.6292237237155e-01	 9.6515604860167e-07	 4.6292118518257e-01
 1.1422830888452e-01	 4.6524628679224e-01	 9.6559702677108e-07	 4.6524509916228e-01
 1.1460530000296e-01	 4.6756934615279e-01	 9.6603832916268e-07	 4.6756815808152e-01
 1.1498229112139e-01	 4.6989149095627e-01	 9.6647995617502e-07	 4.6989030244337e-01
 1.1535928223982e-01	 4.7221266186711e-01	 9.6692190820266e-07	 4.7221147291226e-01
 1.1573627335825e-01	 4.7453279971349e-01	 9.6736418563567e-07	 4.7453161031637e-01
 1.1611326447668e-01	 4.7685184548950e-01	 9.6780678885916e-07	 4.7685065564977e-01
 1.1649025559511e-01	 4.7916974035746e-01	 9.6824971825297e-07	 4.7916855007480e-01
 1.1686724671354e-01	 4.8148642565008e-01	 9.6869297419131e-07	 4.8148523492417e-01
 1.1724423783197e-01	 4.8380184287269e-01	 9.6913655704261e-07	 4.8380065170320e-01
 1.1762122895040e-01	 4.8611593370555e-01	 9.6958046716928e-07	 4.8611474209214e-01
 1.1799822006883e-01	 4.8842864000585e-01	 9.7002470492772e-07	 4.8842744794821e-01
 1.1837521118726e-01	 4.9073990381005e-01	 9.7046927066819e-07	 4.9073871130784e-01
 1.1875220230569e-01	 4.9304966733602e-01	 9.7091416473495e-07	 4.9304847438892e-01
 1.1912919342412e-01	 4.9535787298517e-01	 9.7135938746627e-07	 4.9535667959284e-01
 1.1950618454256e-01	 4.9766446334458e-01	 9.7180493919466e-07	 4.9766326950670e-01
 1.1988317566099e-01	 4.9996938118924e-01	 9.7225082024705e-07	 4.9996818690548e-01
 1.2026016677942e-01	 5.0227256948403e-01	 9.7269703094504e-07	 5.0227137475407e-01
 1.2063715789785e-01	 5.0457397138595e-01	 9.7314357160522e-07	 5.0457277620944e-01
 1.2101414901628e-01	 5.0687353024617e-01	 9.7359044253951e-07	 5.0687233462279e-01
 1.2139114013471e-01	 5.0917118961210e-01	 9.7403764405555e-07	 5.0916999354152e-01
 1.2176813125314e-01	 5.1146689322950e-01	 9.7448517645710e-07	 5.1146569671139e-01
 1.2214512237157e-01	 5.1376058504456e-01	 9.7493304004447e-07	 5.1375938807858e-01
 1.2252211349000e-01	 5.1605220920589e-01	 9.7538123511503e-07	 5.1605101179171e-01
 1.2289910460843e-01	 5.1834171006658e-01	 9.7582976196362e-07	 5.1834051220388e-01
 1.2327609572686e-01	 5.2062903218623e-01	 9.7627862088310e-07	 5.2062783387467e-01
 1.2365308684529e-01	 5.2291412033302e-01	 9.7672781216480e-07	 5.2291292157227e-01
 1.2403007796373e-01	 5.2519691948560e-01	 9.7717733609900e-07	 5.2519572027533e-01
 1.2440706908216e-01	 5.2747737483512e-01	 9.7762719297554e-07	 5.2747617517499e-01
 1.2478406020059e-01	 5.2975543178727e-01	 9.7807738308417e-07	 5.2975423167695e-01
 1.2516105131902e-01	 5.3203103596411e-01	 9.7852790671510e-07	 5.3202983540327e-01
 1.2553804243745e-01	 5.3430413320612e-01	 9.7897876415945e-07	 5.3430293219442e-01
 1.2591503355588e-01	 5.3657466957409e-01	 9.7942995570968e-07	 5.3657346811120e-01
 1.2629202467431e-01	 5.3884259135106e-01	 9.7988148166004e-07	 5.3884138943664e-01
 1.2666901579274e-01	 5.4110784504418e-01	 9.8033334230690e-07	 5.4110664267790e-01
 1.2704600691117e-01	 5.4337037738668e-01	 9.8078553794923e-07	 5.4336917456820e-01
 1.2742299802960e-01	 5.4563013533964e-01	 9.8123806888883e-07	 5.4562893206864e-01
 1.2779998914803e-01	 5.4788706609394e-01	 9.8169093543067e-07	 5.4788586237007e-01
 1.2817698026646e-01	 5.5014111707211e-01	 9.8214413788318e-07	 5.5013991289504e-01
 1.2855397138489e-01	 5.5239223593010e-01	 9.8259767655846e-07	 5.5239103129949e-01
 1.2893096250333e-01	 5.5464037055912e-01	 9.8305155177250e-07	 5.5463916547463e-01
 1.2930795362176e-01	 5.5688546908755e-01	 9.8350576384529e-07	 5.5688426354885e-01
 1.2968494474019e-01	 5.5912747988256e-01	 9.8396031310099e-07	 5.5912627388931e-01
 1.3006193585862e-01	 5.6136635155201e-01	 9.8441519986801e-07	 5.6136514510387e-01
 1.3043892697705e-01	 5.6360203294621e-01	 9.8487042447901e-07	 5.6360082604284e-01
 1.3081591809548e-01	 5.6583447315961e-01	 9.8532598727098e-07	 5.6583326580068e-01
 1.3119290921391e-01	 5.6806362153256e-01	 9.8578188858515e-07	 5.6806241371774e-01
 1.3156990033234e-01	 5.7028942765306e-01	 9.8623812876693e-07	 5.7028821938200e-01
 1.3194689145077e-01	 5.7251184135845e-01	 9.8669470816589e-07	 5.7251063263080e-01
 1.3232388256920e-01	 5.7473081273706e-01	 9.8715162713551e-07	 5.7472960355249e-01
 1.3270087368763e-01	 5.7694629212992e-01	 9.8760888603315e-07	 5.7694508248810e-01
 1.3307786480606e-01	 5.7915823013248e-01	 9.8806648521980e-07	 5.7915702003306e-01
 1.3345485592449e-01	 5.8136657759612e-01	 9.8852442505986e-07	 5.8136536703876e-01
 1.3383184704293e-01	 5.8357128562990e-01	 9.8898270592094e-07	 5.8357007461425e-01
 1.3420883816136e-01	 5.8577230560212e-01	 9.8944132817364e-07	 5.8577109412785e-01
 1.3458582927979e-01	 5.8796958914195e-01	 9.8990029219118e-07	 5.8796837720872e-01
 1.3496282039822e-01	 5.9016308814095e-01	 9.9035959834925e-07	 5.9016187574842e-01
 1.3533981151665e-01	 5.9235275475477e-01	 9.9081924702565e-07	 5.9235154190259e-01
 1.3571680263508e-01	 5.9453854140455e-01	 9.9127923859998e-07	 5.9453732809237e-01
 1.3609379375351e-01	 5.9672040077854e-01	 9.9173957345337e-07	 5.9671918700603e-01
 1.3647078487194e-01	 5.9889828583367e-01	 9.9220025196818e-07	 5.9889707160048e-01
 1.3684777599037e-01	 6.0107214979693e-01	 9.9266127452766e-07	 6.0107093510272e-01
 1.3722476710880e-01	 6.0324194616697e-01	 9.9312264151568e-07	 6.0324073101139e-01
 1.3760175822723e-01	 6.0540762871556e-01	 9.9358435331644e-07	 6.0540641309827e-01
 1.3797874934566e-01	 6.0756915148900e-01	 9.9404641031412e-07	 6.0756793540965e-01
 1.3835574046409e-01	 6.0972646880959e-01	 9.9450881289269e-07	 6.0972525226784e-01
 1.3873273158253e-01	 6.1187953527711e-01	 9.9497156143563e-07	 6.1187831827261e-01
 1.3910972270096e-01	 6.1402830577013e-01	 9.9543465632562e-07	 6.1402708830254e-01
 1.3948671381939e-01	 6.1617273544751e-01	 9.9589809794437e-07	 6.1617151751648e-01
 1.3986370493782e-01	 6.1831277974969e-01	 9.9636188667239e-07	 6.1831156135487e-01
 1.4024069605625e-01	 6.2044839440015e-01	 9.9682602288882e-07	 6.2044717554119e-01
 1.4061768717468e-01	 6.2257953540667e-01	 9.9729050697118e-07	 6.2257831608323e-01
 1.4099467829311e-01	 6.2470615906270e-01	 9.9775533929531e-07	 6.2470493927442e-01
 1.4137166941154e-01	 6.2682822194871e-01	 9.9822052023522e-07	 6.2682700169525e-01
 1.4174866052997e-01	 6.2894568093341e-01	 9.9868605016291e-07	 6.2894446021443e-01
 1.4212565164840e-01	 6.3105849317510e-01	 9.9915192944843e-07	 6.3105727199024e-01
 1.4250264276683e-01	 6.3316661612293e-01	 9.9961815845968e-07	 6.3316539447184e-01
 1.4287963388526e-01	 6.3527000751811e-01	 1.0000847375624e-06	 6.3526878540043e-01
 1.4325662500369e-01	 6.3736862539515e-01	 1.0005516671204e-06	 6.3736740281054e-01
 1.4363361612213e-01	 6.3946242808315e-01	 1.0010189474950e-06	 6.3946120503126e-01
 1.4401060724056e-01	 6.4155137420690e-01	 1.0014865790458e-06	 6.4155015068738e-01
 1.4438759835899e-01	 6.4363542268811e-01	 1.0019545621300e-06	 6.4363419870061e-01
 1.4476458947742e-01	 6.4571453274662e-01	 1.0024228971032e-06	 6.4571330829079e-01
 1.4514158059585e-01	 6.4778866390146e-01	 1.0028915843186e-06	 6.4778743897694e-01
 1.4551857171428e-01	 6.4985777597204e-01	 1.0033606241282e-06	 6.4985655057848e-01
 1.4589556283271e-01	 6.5192182907928e-01	 1.0038300168820e-06	 6.5192060321633e-01
 1.4627255395114e-01	 6.5398078364666e-01	 1.0042997629284e-06	 6.5397955731396e-01
 1.4664954506957e-01	 6.5603460040133e-01	 1.0047698626145e-06	 6.5603337359853e-01
 1.4702653618800e-01	 6.5808324037519e-01	 1.0052403162864e-06	 6.5808201310194e-01
 1.4740352730643e-01	 6.6012666490593e-01	 1.0057111242889e-06	 6.6012543716187e-01
 1.4778051842486e-01	 6.6216483563804e-01	 1.0061822869659e-06	 6.6216360742281e-01
 1.4815750954329e-01	 6.6419771452382e-01	 1.0066538046608e-06	 6.6419648583708e-01
 1.4853450066173e-01	 6.6622526382448e-01	 1.0071256777163e-06	 6.6622403466586e-01
 1.4891149178016e-01	 6.6824744611094e-01	 1.0075979064748e-06	 6.6824621648010e-01
 1.4928848289859e-01	 6.7026422426496e-01	 1.0080704912788e-06	 6.7026299416153e-01
 1.4966547401702e-01	 6.7227556148001e-01	 1.0085434324707e-06	 6.7227433090364e-01
 1.5004246513545e-01	 6.7428142126220e-01	 1.0090167303930e-06	 6.7428019021253e-01
 1.5041945625388e-01	 6.7628176743119e-01	 1.0094903853891e-06	 6.7628053590786e-01
 1.5079644737231e-01	 6.7827656412113e-01	 1.0099643978025e-06	 6.7827533212380e-01
 1.5117343849074e-01	 6.8026577578149e-01	 1.0104387679781e-06	 6.8026454330979e-01
 1.5155042960917e-01	 6.8224936717792e-01	 1.0109134962615e-06	 6.8224813423149e-01
 1.5192742072760e-01	 6.8422730339314e-01	 1.0113885829994e-06	 6.8422606997162e-01
 1.5230441184603e-01	 6.8619954982773e-01	 1.0118640285402e-06	 6.8619831593076e-01
 1.5268140296446e-01	 6.8816607220089e-01	 1.0123398332335e-06	 6.8816483782812e-01
 1.5305839408289e-01	 6.9012683655137e-01	 1.0128159974309e-06	 6.9012560170244e-01
 1.5343538520133e-01	 6.9208180923811e-01	 1.0132925214857e-06	 6.9208057391265e-01
 1.5381237631976e-01	 6.9403095694102e-01	 1.0137694057532e-06	 6.9402972113868e-01
 1.5418936743819e-01	 6.9597424666182e-01	 1.0142466505910e-06	 6.9597301038223e-01
 1.5456635855662e-01	 6.9791164572462e-01	 1.0147242563587e-06	 6.9791040896743e-01
 1.5494334967505e-01	 6.9984312177671e-01	 1.0152022234187e-06	 6.9984188454155e-01
 1.5532034079348e-01	 7.0176864278922e-01	 1.0156805521356e-06	 7.0176740507573e-01
 1.5569733191191e-01	 7.0368817705782e-01	 1.0161592428769e-06	 7.0368693886564e-01
 1.5607432303034e-01	 7.0560169320333e-01	 1.0166382960130e-06	 7.0560045453210e-01
 1.5645131414877e-01	 7.0750916017236e-01	 1.0171177119169e-06	 7.0750792102171e-01
 1.5682830526720e-01	 7.0941054723796e-01	 1.0175974909649e-06	 7.0940930760753e-01
 1.5720529638563e-01	 7.1130582400019e-01	 1.0180776335364e-06	 7.1130458388962e-01
 1.5758228750406e-01	 7.1319496038669e-01	 1.0185581400139e-06	 7.1319371979562e-01
 1.5795927862249e-01	 7.1507792665331e-01	 1.0190390107834e-06	 7.1507668558136e-01
 1.5833626974093e-01	 7.1695469338457e-01	 1.0195202462344e-06	 7.1695345183139e-01
 1.5871326085936e-01	 7.1882523149423e-01	 1.0200018467599e-06	 7.1882398945944e-01
 1.5909025197779e-01	 7.2068951222583e-01	 1.0204838127567e-06	 7.2068826970908e-01
 1.5946724309622e-01	 7.2254750715313e-01	 1.0209661446251e-06	 7.2254626415405e-01
 1.5984423421465e-01	 7.2439918818061e-01	 1.0214488427696e-06	 7.2439794469883e-01
 1.6022122533308e-01	 7.2624452754396e-01	 1.0219319075986e-06	 7.2624328357911e-01
 1.6059821645151e-01	 7.2808349781046e-01	 1.0224153395244e-06	 7.2808225336218e-01
 1.6097520756994e-01	 7.2991607187943e-01	 1.0228991389638e-06	 7.2991482694736e-01
 1.6135219868837e-01	 7.3174222298271e-01	 1.0233833063377e-06	 7.3174097756646e-01
 1.6172918980680e-01	 7.3356192468489e-01	 1.0238678420713e-06	 7.3356067878411e-01
 1.6210618092523e-01	 7.3537515088383e-01	 1.0243527465944e-06	 7.3537390449814e-01
 1.6248317204366e-01	 7.3718187581092e-01	 1.0248380203412e-06	 7.3718062893996e-01
 1.6286016316209e-01	 7.3898207403150e-01	 1.0253236637507e-06	 7.3898082667490e-01
 1.6323715428053e-01	 7.4077572044510e-01	 1.0258096772664e-06	 7.4077447260248e-01
 1.6361414539896e-01	 7.4256279028575e-01	 1.0262960613365e-06	 7.4256154195676e-01
 1.6399113651739e-01	 7.4434325912236e-01	 1.0267828164141e-06	 7.4434201030660e-01
 1.6436812763582e-01	 7.4611710285883e-01	 1.0272699429570e-06	 7.4611585355595e-01
 1.6474511875425e-01	 7.4788429773442e-01	 1.0277574414279e-06	 7.4788304794404e-01
 1.6512210987268e-01	 7.4964482032397e-01	 1.0282453122940e-06	 7.4964357004572e-01
 1.6549910099111e-01	 7.5139864753803e-01	 1.0287335560276e-06	 7.5139739677153e-01
 1.6587609210954e-01	 7.5314575662314e-01	 1.0292221731055e-06	 7.5314450536803e-01
 1.6625308322797e-01	 7.5488612516200e-01	 1.0297111640092e-06	 7.5488487341790e-01
 1.6663007434640e-01	 7.5661973107359e-01	 1.0302005292246e-06	 7.5661847884012e-01
 1.6700706546483e-01	 7.5834655261334e-01	 1.0306902692421e-06	 7.5834529989013e-01
 1.6738405658326e-01	 7.6006656837327e-01	 1.0311803845561e-06	 7.6006531515995e-01
 1.6776104770169e-01	 7.6177975728208e-01	 1.0316708756653e-06	 7.6177850357827e-01
 1.6813803882013e-01	 7.6348609860523e-01	 1.0321617430719e-06	 7.6348484441055e-01
 1.6851502993856e-01	 7.6518557194505e-01	 1.0326529872817e-06	 7.6518431725913e-01
 1.6889202105699e-01	 7.6687815724079e-01	 1.0331446088035e-06	 7.6687690206325e-01
 1.6926901217542e-01	 7.6856383476862e-01	 1.0336366081491e-06	 7.6856257909908e-01
 1.6964600329385e-01	 7.7024258514172e-01	 1.0341289858325e-06	 7.7024132897979e-01
 1.7002299441228e-01	 7.7191438931021e-01	 1.0346217423698e-06	 7.7191313265553e-01
 1.7039998553071e-01	 7.7357922856122e-01	 1.0351148782784e-06	 7.7357797141340e-01
 1.7077697664914e-01	 7.7523708451877e-01	 1.0356083940768e-06	 7.7523582687744e-01
 1.7115396776757e-01	 7.7688793914384e-01	 1.0361022902838e-06	 7.7688668100861e-01
 1.7153095888600e-01	 7.7853177473419e-01	 1.0365965674179e-06	 7.7853051610469e-01
 1.7190795000443e-01	 7.8016857392436e-01	 1.0370912259967e-06	 7.8016731480019e-01
 1.7228494112286e-01	 7.8179831968553e-01	 1.0375862665364e-06	 7.8179706006633e-01
 1.7266193224130e-01	 7.8342099532545e-01	 1.0380816895506e-06	 7.8341973521083e-01
 1.7303892335973e-01	 7.8503658448825e-01	 1.0385774955502e-06	 7.8503532387781e-01
 1.7341591447816e-01	 7.8664507115435e-01	 1.0390736850419e-06	 7.8664381004773e-01
 1.7379290559659e-01	 7.8824643964026e-01	 1.0395702585280e-06	 7.8824517803707e-01
 1.7416989671502e-01	 7.8984067459841e-01	 1.0400672165053e-06	 7.8983941249826e-01
 1.7454688783345e-01	 7.9142776101697e-01	 1.0405645594643e-06	 7.9142649841947e-01
 1.7492387895188e-01	 7.9300768421959e-01	 1.0410622878882e-06	 7.9300642112437e-01
 1.7530087007031e-01	 7.9458042986522e-01	 1.0415604022525e-06	 7.9457916627188e-01
 1.7567786118874e-01	 7.9614598394783e-01	 1.0420589030236e-06	 7.9614471985599e-01
 1.7605485230717e-01	 7.9770433279614e-01	 1.0425577906584e-06	 7.9770306820542e-01
 1.7643184342560e-01	 7.9925546307338e-01	 1.0430570656032e-06	 7.9925419798338e-01
 1.7680883454403e-01	 8.0079936177695e-01	 1.0435567282929e-06	 8.0079809618728e-01
 1.7718582566246e-01	 8.0233601623812e-01	 1.0440567791507e-06	 8.0233475014840e-01
 1.7756281678090e-01	 8.0386541412168e-01	 1.0445572185866e-06	 8.0386414753153e-01
 1.7793980789933e-01	 8.0538754342566e-01	 1.0450580469974e-06	 8.0538627633468e-01
 1.7831679901776e-01	 8.0690239248089e-01	 1.0455592647658e-06	 8.0690112488869e-01
 1.7869379013619e-01	 8.0840994995063e-01	 1.0460608722598e-06	 8.0840868185682e-01
 1.7907078125462e-01	 8.0991020483021e-01	 1.0465628698322e-06	 8.0990893623441e-01
 1.7944777237305e-01	 8.1140314644662e-01	 1.0470652578205e-06	 8.1140187734843e-01
 1.7982476349148e-01	 8.1288876445803e-01	 1.0475680365460e-06	 8.1288749485706e-01
 1.8020175460991e-01	 8.1436704885338e-01	 1.0480712063141e-06	 8.1436577874924e-01
 1.8057874572834e-01	 8.1583798995193e-01	 1.0485747674140e-06	 8.1583671934423e-01
 1.8095573684677e-01	 8.1730157840277e-01	 1.0490787201186e-06	 8.1730030729111e-01
 1.8133272796520e-01	 8.1875780518429e-01	 1.0495830646845e-06	 8.1875653356829e-01
 1.8170971908363e-01	 8.2020666160374e-01	 1.0500878013525e-06	 8.2020538948301e-01
 1.8208671020206e-01	 8.2164813929668e-01	 1.0505929303477e-06	 8.2164686667081e-01
 1.8246370132050e-01	 8.2308223022638e-01	 1.0510984518798e-06	 8.2308095709499e-01
 1.8284069243893e-01	 8.2450892668338e-01	 1.0516043661441e-06	 8.2450765304607e-01
 1.8321768355736e-01	 8.2592822128479e-01	 1.0521106733219e-06	 8.2592694714118e-01
 1.8359467467579e-01	 8.2734010697381e-01	 1.0526173735815e-06	 8.2733883232350e-01
 1.8397166579422e-01	 8.2874457701906e-01	 1.0531244670787e-06	 8.2874330186166e-01
 1.8434865691265e-01	 8.3014162501399e-01	 1.0536319539588e-06	 8.3014034934910e-01
 1.8472564803108e-01	 8.3153124487623e-01	 1.0541398343569e-06	 8.3152996870345e-01
 1.8510263914951e-01	 8.3291343084696e-01	 1.0546481083999e-06	 8.3291215416591e-01
 1.8547963026794e-01	 8.3428817749022e-01	 1.0551567762074e-06	 8.3428690030050e-01
 1.8585662138637e-01	 8.3565547969225e-01	 1.0556658378941e-06	 8.3565420199347e-01
 1.8623361250480e-01	 8.3701533266080e-01	 1.0561752935705e-06	 8.3701405445257e-01
 1.8661060362323e-01	 8.3836773192438e-01	 1.0566851433455e-06	 8.3836645320630e-01
 1.8698759474166e-01	 8.3971267333159e-01	 1.0571953873281e-06	 8.3971139410327e-01
 1.8736458586010e-01	 8.4105015305033e-01	 1.0577060256290e-06	 8.4104887331136e-01
 1.8774157697853e-01	 8.4238016756707e-01	 1.0582170583630e-06	 8.4237888731708e-01
 1.8811856809696e-01	 8.4370271368609e-01	 1.0587284856514e-06	 8.4370143292467e-01
 1.8849555921539e-01	 8.4501778852864e-01	 1.0592403076232e-06	 8.4501650725540e-01
