 0.0000000000000e+00
 0.0000000000000e+00
-5.7852638309001e-03
 3.3987238946304e-03
 1.9256421360292e-03
-3.0584704124777e-02
-2.8033686274890e-02
 2.1613528378960e-03
 2.9113531874647e-03
-4.9529938004486e-03
 0.0000000000000e+00
 0.0000000000000e+00
 0.0000000000000e+00
 0.0000000000000e+00
-2.0472983985290e-03
 2.5198408003722e-03
 1.8436364237803e-03
-4.7647249751662e-03
-3.9759580767867e-03
 3.7871560165065e-04
 2.2806522292039e-03
-1.0401251591249e-03
 0.0000000000000e+00
 0.0000000000000e+00
 0.0000000000000e+00
 0.0000000000000e+00
 1.7399144715783e-02
-6.4549918630834e-03
-3.7594607115647e-02
-3.4180542833497e-03
-2.9207675530018e-03
-3.7169745528656e-02
-6.0938722400237e-03
 1.7882644170721e-02
 0.0000000000000e+00
 0.0000000000000e+00
 0.0000000000000e+00
 0.0000000000000e+00
-1.8113015147579e-03
 2.4341299561138e-03
 1.2751770653748e-02
 2.6638390932561e-03
 2.6595241022617e-03
 1.6178337285493e-02
 2.5706269672411e-03
-5.1858498751680e-03
 0.0000000000000e+00
 0.0000000000000e+00
