 0.0000000000000e+00
 0.0000000000000e+00
-4.3913699936198e-03
-2.8283362160650e-03
 5.1767989841790e-03
 2.2930186698260e-02
 2.1469933203037e-02
 4.5232871514332e-03
-5.5922232823864e-04
-4.4313967700679e-03
 0.0000000000000e+00
 0.0000000000000e+00
 0.0000000000000e+00
 0.0000000000000e+00
 5.9288772373297e-03
-4.6243024907483e-03
-6.3922658608864e-03
-1.1324366467683e-02
-9.7165337530558e-03
-6.3219695197883e-03
-4.6346063904018e-03
 5.1382178499177e-03
 0.0000000000000e+00
 0.0000000000000e+00
 0.0000000000000e+00
 0.0000000000000e+00
-1.1593685939933e-02
 1.1111566565906e-02
 3.3598405214647e-02
 5.7972850497208e-03
 4.6395159226239e-03
 3.2793836993133e-02
 1.2752249933572e-02
-1.3544628283706e-02
 0.0000000000000e+00
 0.0000000000000e+00
 0.0000000000000e+00
 0.0000000000000e+00
-1.1462719340038e-02
-8.7666341315079e-05
 5.2455456177510e-03
-3.2354280580404e-03
-6.6717592312444e-03
 2.3160257352722e-03
-9.5576905068068e-04
-1.0595593793812e-02
 0.0000000000000e+00
 0.0000000000000e+00
