-1.8849555921539e-01	 4.0668580884333e-02	 3.0729757190637e-06	 4.0664531874638e-02
-1.8811856809696e-01	 4.0349387509996e-02	 3.0742342580653e-06	 4.0345337241762e-02
-1.8774157697853e-01	 4.0031944498887e-02	 3.0754935712718e-06	 4.0027892971339e-02
-1.8736458586010e-01	 3.9716247107063e-02	 3.0767536565762e-06	 3.9712194319431e-02
-1.8698759474166e-01	 3.9402290577998e-02	 3.0780145119479e-06	 3.9398236529510e-02
-1.8661060362323e-01	 3.9090070142710e-02	 3.0792761354446e-06	 3.9086014832599e-02
-1.8623361250480e-01	 3.8779581019968e-02	 3.0805385252232e-06	 3.8775524447467e-02
-1.8585662138637e-01	 3.8470818416390e-02	 3.0818016795520e-06	 3.8466760580735e-02
-1.8547963026794e-01	 3.8163777526657e-02	 3.0830655968214e-06	 3.8159718427084e-02
-1.8510263914951e-01	 3.7858453533604e-02	 3.0843302755561e-06	 3.7854393169352e-02
-1.8472564803108e-01	 3.7554841608438e-02	 3.0855957144265e-06	 3.7550779978748e-02
-1.8434865691265e-01	 3.7252936910807e-02	 3.0868619122597e-06	 3.7248874014918e-02
-1.8397166579422e-01	 3.6952734589048e-02	 3.0881288680507e-06	 3.6948670426204e-02
-1.8359467467579e-01	 3.6654229780294e-02	 3.0893965809740e-06	 3.6650164349737e-02
-1.8321768355736e-01	 3.6357417610596e-02	 3.0906650503934e-06	 3.6353350911570e-02
-1.8284069243893e-01	 3.6062293195130e-02	 3.0919342758730e-06	 3.6058225226878e-02
-1.8246370132050e-01	 3.5768851638330e-02	 3.0932042571867e-06	 3.5764782400096e-02
-1.8208671020206e-01	 3.5477088034036e-02	 3.0944749943284e-06	 3.5473017525065e-02
-1.8170971908363e-01	 3.5186997465622e-02	 3.0957464875201e-06	 3.5182925685159e-02
-1.8133272796520e-01	 3.4898575006216e-02	 3.0970187372214e-06	 3.4894501953502e-02
-1.8095573684677e-01	 3.4611815718761e-02	 3.0982917441365e-06	 3.4607741393040e-02
-1.8057874572834e-01	 3.4326714656220e-02	 3.0995655092219e-06	 3.4322639056735e-02
-1.8020175460991e-01	 3.4043266861741e-02	 3.1008400336927e-06	 3.4039189987732e-02
-1.7982476349148e-01	 3.3761467368767e-02	 3.1021153190282e-06	 3.3757389219472e-02
-1.7944777237305e-01	 3.3481311201188e-02	 3.1033913669769e-06	 3.3477231775845e-02
-1.7907078125462e-01	 3.3202793373519e-02	 3.1046681795602e-06	 3.3198712671364e-02
-1.7869379013619e-01	 3.2925908891029e-02	 3.1059457590757e-06	 3.2921826911294e-02
-1.7831679901776e-01	 3.2650652749894e-02	 3.1072241080991e-06	 3.2646569491810e-02
-1.7793980789933e-01	 3.2377019937345e-02	 3.1085032294848e-06	 3.2372935400139e-02
-1.7756281678090e-01	 3.2105005431810e-02	 3.1097831263665e-06	 3.2100919614707e-02
-1.7718582566246e-01	 3.1834604203070e-02	 3.1110638021552e-06	 3.1830517105292e-02
-1.7680883454403e-01	 3.1565811212413e-02	 3.1123452605373e-06	 3.1561722833176e-02
-1.7643184342560e-01	 3.1298621412743e-02	 3.1136275054710e-06	 3.1294531751261e-02
-1.7605485230717e-01	 3.1033029748778e-02	 3.1149105411814e-06	 3.1028938804260e-02
-1.7567786118874e-01	 3.0769031157163e-02	 3.1161943721544e-06	 3.0764938928815e-02
-1.7530087007031e-01	 3.0506620566618e-02	 3.1174790031296e-06	 3.0502527053639e-02
-1.7492387895188e-01	 3.0245792898114e-02	 3.1187644390918e-06	 3.0241698099699e-02
-1.7454688783345e-01	 2.9986543064960e-02	 3.1200506852611e-06	 2.9982446980298e-02
-1.7416989671502e-01	 2.9728865972992e-02	 3.1213377470824e-06	 2.9724768601269e-02
-1.7379290559659e-01	 2.9472756520713e-02	 3.1226256302122e-06	 2.9468657861107e-02
-1.7341591447816e-01	 2.9218209599410e-02	 3.1239143405061e-06	 2.9214109651094e-02
-1.7303892335973e-01	 2.8965220093323e-02	 3.1252038840037e-06	 2.8961118855463e-02
-1.7266193224130e-01	 2.8713782879791e-02	 3.1264942669128e-06	 2.8709680351548e-02
-1.7228494112286e-01	 2.8463892829376e-02	 3.1277854955926e-06	 2.8459789009904e-02
-1.7190795000443e-01	 2.8215544805985e-02	 3.1290775765356e-06	 2.8211439694433e-02
-1.7153095888600e-01	 2.7968733667066e-02	 3.1303705163485e-06	 2.7964627262574e-02
-1.7115396776757e-01	 2.7723454263703e-02	 3.1316643217326e-06	 2.7719346565405e-02
-1.7077697664914e-01	 2.7479701440790e-02	 3.1329589994624e-06	 2.7475592447814e-02
-1.7039998553071e-01	 2.7237470037140e-02	 3.1342545563644e-06	 2.7233359748607e-02
-1.7002299441228e-01	 2.6996754885625e-02	 3.1355509992941e-06	 2.6992643300650e-02
-1.6964600329385e-01	 2.6757550813358e-02	 3.1368483351135e-06	 2.6753437931047e-02
-1.6926901217542e-01	 2.6519852641766e-02	 3.1381465706672e-06	 2.6515738461219e-02
-1.6889202105699e-01	 2.6283655186800e-02	 3.1394457127583e-06	 2.6279539707111e-02
-1.6851502993856e-01	 2.6048953258983e-02	 3.1407457681239e-06	 2.6044836479239e-02
-1.6813803882013e-01	 2.5815741663667e-02	 3.1420467434102e-06	 2.5811623582948e-02
-1.6776104770169e-01	 2.5584015201032e-02	 3.1433486451483e-06	 2.5579895818410e-02
-1.6738405658326e-01	 2.5353768666337e-02	 3.1446514797284e-06	 2.5349647980881e-02
-1.6700706546483e-01	 2.5124996849996e-02	 3.1459552533755e-06	 2.5120874860767e-02
-1.6663007434640e-01	 2.4897694537720e-02	 3.1472599721246e-06	 2.4893571243772e-02
-1.6625308322797e-01	 2.4671856510670e-02	 3.1485656417963e-06	 2.4667731911052e-02
-1.6587609210954e-01	 2.4447477545575e-02	 3.1498722679731e-06	 2.4443351639331e-02
-1.6549910099111e-01	 2.4224552414868e-02	 3.1511798559757e-06	 2.4220425201036e-02
-1.6512210987268e-01	 2.4003075886829e-02	 3.1524884108403e-06	 2.3998947364442e-02
-1.6474511875425e-01	 2.3783042725723e-02	 3.1537979372969e-06	 2.3778912893810e-02
-1.6436812763582e-01	 2.3564447691882e-02	 3.1551084397483e-06	 2.3560316549466e-02
-1.6399113651739e-01	 2.3347285541943e-02	 3.1564199222493e-06	 2.3343153088045e-02
-1.6361414539896e-01	 2.3131551028839e-02	 3.1577323884888e-06	 2.3127417262474e-02
-1.6323715428053e-01	 2.2917238902062e-02	 3.1590458417711e-06	 2.2913103822244e-02
-1.6286016316209e-01	 2.2704343907731e-02	 3.1603602850002e-06	 2.2700207513470e-02
-1.6248317204366e-01	 2.2492860788705e-02	 3.1616757206640e-06	 2.2488723079008e-02
-1.6210618092523e-01	 2.2282784284765e-02	 3.1629921508214e-06	 2.2278645258638e-02
-1.6172918980680e-01	 2.2074109132706e-02	 3.1643095770903e-06	 2.2069968789153e-02
-1.6135219868837e-01	 2.1866830066474e-02	 3.1656280006367e-06	 2.1862688404497e-02
-1.6097520756994e-01	 2.1660941817312e-02	 3.1669474221668e-06	 2.1656798835913e-02
-1.6059821645151e-01	 2.1456439113904e-02	 3.1682678419197e-06	 2.1452294812086e-02
-1.6022122533308e-01	 2.1253316682424e-02	 3.1695892596628e-06	 2.1249171059189e-02
-1.5984423421465e-01	 2.1051569246775e-02	 3.1709116746885e-06	 2.1047422301124e-02
-1.5946724309622e-01	 2.0851191528623e-02	 3.1722350858133e-06	 2.0847043259561e-02
-1.5909025197779e-01	 2.0652178247592e-02	 3.1735594913783e-06	 2.0648028654125e-02
-1.5871326085936e-01	 2.0454524121349e-02	 3.1748848892522e-06	 2.0450373202484e-02
-1.5833626974093e-01	 2.0258223865757e-02	 3.1762112768362e-06	 2.0254071620504e-02
-1.5795927862249e-01	 2.0063272194996e-02	 3.1775386510704e-06	 2.0059118622369e-02
-1.5758228750406e-01	 1.9869663821685e-02	 3.1788670084428e-06	 1.9865508920700e-02
-1.5720529638563e-01	 1.9677393457020e-02	 3.1801963449999e-06	 1.9673237226699e-02
-1.5682830526720e-01	 1.9486455810881e-02	 3.1815266563593e-06	 1.9482298250248e-02
-1.5645131414877e-01	 1.9296845591964e-02	 3.1828579377240e-06	 1.9292686700050e-02
-1.5607432303034e-01	 1.9108557507957e-02	 3.1841901838990e-06	 1.9104397283797e-02
-1.5569733191191e-01	 1.8921586265581e-02	 3.1855233893090e-06	 1.8917424708216e-02
-1.5532034079348e-01	 1.8735926570784e-02	 3.1868575480184e-06	 1.8731763679260e-02
-1.5494334967505e-01	 1.8551573128815e-02	 3.1881926537522e-06	 1.8547408902185e-02
-1.5456635855662e-01	 1.8368520644417e-02	 3.1895286999195e-06	 1.8364355081741e-02
-1.5418936743819e-01	 1.8186763821875e-02	 3.1908656796371e-06	 1.8182596922219e-02
-1.5381237631976e-01	 1.8006297365179e-02	 3.1922035857554e-06	 1.8002129127617e-02
-1.5343538520133e-01	 1.7827115978178e-02	 3.1935424108851e-06	 1.7822946401791e-02
-1.5305839408289e-01	 1.7649214364631e-02	 3.1948821474248e-06	 1.7645043448507e-02
-1.5268140296446e-01	 1.7472587228412e-02	 3.1962227875900e-06	 1.7468414971648e-02
-1.5230441184603e-01	 1.7297229273565e-02	 3.1975643234425e-06	 1.7293055675265e-02
-1.5192742072760e-01	 1.7123135204457e-02	 3.1989067469207e-06	 1.7118960263734e-02
-1.5155042960917e-01	 1.6950299725934e-02	 3.2002500498699e-06	 1.6946123441908e-02
-1.5117343849074e-01	 1.6778717543370e-02	 3.2015942240743e-06	 1.6774539915170e-02
-1.5079644737231e-01	 1.6608383362855e-02	 3.2029392612873e-06	 1.6604204389618e-02
-1.5041945625388e-01	 1.6439291891260e-02	 3.2042851532636e-06	 1.6435111572130e-02
-1.5004246513545e-01	 1.6271437836433e-02	 3.2056318917904e-06	 1.6267256170565e-02
-1.4966547401702e-01	 1.6104815907232e-02	 3.2069794687182e-06	 1.6100632893787e-02
-1.4928848289859e-01	 1.5939420813729e-02	 3.2083278759919e-06	 1.5935236451877e-02
-1.4891149178016e-01	 1.5775247267246e-02	 3.2096771056812e-06	 1.5771061556164e-02
-1.4853450066173e-01	 1.5612289980561e-02	 3.2110271500094e-06	 1.5608102919435e-02
-1.4815750954329e-01	 1.5450543667968e-02	 3.2123780013832e-06	 1.5446355255990e-02
-1.4778051842486e-01	 1.5290003045392e-02	 3.2137296524201e-06	 1.5285813281763e-02
-1.4740352730643e-01	 1.5130662830555e-02	 3.2150820959749e-06	 1.5126471714483e-02
-1.4702653618800e-01	 1.4972517743046e-02	 3.2164353251661e-06	 1.4968325273745e-02
-1.4664954506957e-01	 1.4815562504476e-02	 3.2177893333999e-06	 1.4811368681166e-02
-1.4627255395114e-01	 1.4659791838556e-02	 3.2191441143932e-06	 1.4655596660466e-02
-1.4589556283271e-01	 1.4505200471226e-02	 3.2204996621952e-06	 1.4501003937588e-02
-1.4551857171428e-01	 1.4351783130819e-02	 3.2218559712073e-06	 1.4347585240872e-02
-1.4514158059585e-01	 1.4199534548061e-02	 3.2232130362016e-06	 1.4195335301049e-02
-1.4476458947742e-01	 1.4048449456310e-02	 3.2245708523375e-06	 1.4044248851481e-02
-1.4438759835899e-01	 1.3898522591594e-02	 3.2259294151762e-06	 1.3894320628203e-02
-1.4401060724056e-01	 1.3749748692739e-02	 3.2272887206941e-06	 1.3745545370042e-02
-1.4363361612213e-01	 1.3602122501490e-02	 3.2286487652937e-06	 1.3597917818748e-02
-1.4325662500369e-01	 1.3455638762609e-02	 3.2300095458133e-06	 1.3451432719087e-02
-1.4287963388526e-01	 1.3310292224004e-02	 3.2313710595335e-06	 1.3306084818968e-02
-1.4250264276683e-01	 1.3166077636818e-02	 3.2327333041838e-06	 1.3161868869538e-02
-1.4212565164840e-01	 1.3022989755533e-02	 3.2340962779451e-06	 1.3018779625279e-02
-1.4174866052997e-01	 1.2881023338111e-02	 3.2354599794522e-06	 1.2876811844155e-02
-1.4137166941154e-01	 1.2740173146071e-02	 3.2368244077931e-06	 1.2735960287687e-02
-1.4099467829311e-01	 1.2600433944597e-02	 3.2381895625072e-06	 1.2596219721058e-02
-1.4061768717468e-01	 1.2461800502674e-02	 3.2395554435815e-06	 1.2457584913254e-02
-1.4024069605625e-01	 1.2324267593135e-02	 3.2409220514450e-06	 1.2320050637107e-02
-1.3986370493782e-01	 1.2187829992845e-02	 3.2422893869618e-06	 1.2183611669482e-02
-1.3948671381939e-01	 1.2052482482723e-02	 3.2436574514220e-06	 1.2048262791295e-02
-1.3910972270096e-01	 1.1918219847884e-02	 3.2450262465319e-06	 1.1913998787661e-02
-1.3873273158253e-01	 1.1785036877772e-02	 3.2463957744021e-06	 1.1780814448021e-02
-1.3835574046409e-01	 1.1652928366188e-02	 3.2477660375345e-06	 1.1648704566175e-02
-1.3797874934566e-01	 1.1521889111460e-02	 3.2491370388084e-06	 1.1517663940445e-02
-1.3760175822723e-01	 1.1391913916487e-02	 3.2505087814653e-06	 1.1387687373730e-02
-1.3722476710880e-01	 1.1262997588894e-02	 3.2518812690923e-06	 1.1258769673649e-02
-1.3684777599037e-01	 1.1135134941079e-02	 3.2532545056054e-06	 1.1130905652597e-02
-1.3647078487194e-01	 1.1008320790340e-02	 3.2546284952318e-06	 1.1004090127869e-02
-1.3609379375351e-01	 1.0882549958986e-02	 3.2560032424911e-06	 1.0878317921767e-02
-1.3571680263508e-01	 1.0757817274385e-02	 3.2573787521767e-06	 1.0753583861656e-02
-1.3533981151665e-01	 1.0634117569111e-02	 3.2587550293366e-06	 1.0629882780106e-02
-1.3496282039822e-01	 1.0511445680992e-02	 3.2601320792539e-06	 1.0507209514937e-02
-1.3458582927979e-01	 1.0389796453287e-02	 3.2615099074273e-06	 1.0385558909403e-02
-1.3420883816136e-01	 1.0269164734651e-02	 3.2628885195516e-06	 1.0264925812155e-02
-1.3383184704293e-01	 1.0149545379378e-02	 3.2642679214985e-06	 1.0145305077480e-02
-1.3345485592449e-01	 1.0030933247363e-02	 3.2656481192973e-06	 1.0026691565268e-02
-1.3307786480606e-01	 9.9133232042958e-03	 3.2670291191169e-06	 9.9090801412005e-03
-1.3270087368763e-01	 9.7967101216704e-03	 3.2684109272470e-06	 9.7924656767669e-03
-1.3232388256920e-01	 9.6810888769650e-03	 3.2697935500813e-06	 9.6768430494387e-03
-1.3194689145077e-01	 9.5664543536626e-03	 3.2711769941006e-06	 9.5622071426923e-03
-1.3156990033234e-01	 9.4528014413705e-03	 3.2725612658570e-06	 9.4485528461284e-03
-1.3119290921391e-01	 9.3401250359030e-03	 3.2739463719590e-06	 9.3358750555549e-03
-1.3081591809548e-01	 9.2284200393874e-03	 3.2753323190579e-06	 9.2241686730922e-03
-1.3043892697705e-01	 9.1176813603567e-03	 3.2767191138347e-06	 9.1134286072667e-03
-1.3006193585862e-01	 9.0079039138346e-03	 3.2781067629891e-06	 9.0036497730954e-03
-1.2968494474019e-01	 8.8990826213733e-03	 3.2794952732288e-06	 8.8948270921239e-03
-1.2930795362176e-01	 8.7912124112617e-03	 3.2808846512604e-06	 8.7869554926343e-03
-1.2893096250333e-01	 8.6842882184906e-03	 3.2822749037821e-06	 8.6800299096107e-03
-1.2855397138489e-01	 8.5783049849275e-03	 3.2836660374774e-06	 8.5740452849139e-03
-1.2817698026646e-01	 8.4732576593594e-03	 3.2850580590098e-06	 8.4689965673242e-03
-1.2779998914803e-01	 8.3691411976091e-03	 3.2864509750195e-06	 8.3648787126579e-03
-1.2742299802960e-01	 8.2659505626070e-03	 3.2878447921216e-06	 8.2616866838388e-03
-1.2704600691117e-01	 8.1636807244738e-03	 3.2892395169047e-06	 8.1594154509808e-03
-1.2666901579274e-01	 8.0623266606315e-03	 3.2906351559325e-06	 8.0580599914994e-03
-1.2629202467431e-01	 7.9618833558972e-03	 3.2920317157448e-06	 7.9576152902053e-03
-1.2591503355588e-01	 7.8623458025057e-03	 3.2934292028619e-06	 7.8580763393267e-03
-1.2553804243745e-01	 7.7637090003070e-03	 3.2948276237883e-06	 7.7594381387071e-03
-1.2516105131902e-01	 7.6659679567419e-03	 3.2962269850192e-06	 7.6616956957807e-03
-1.2478406020059e-01	 7.5691176869973e-03	 3.2976272930475e-06	 7.5648440257281e-03
-1.2440706908216e-01	 7.4731532140773e-03	 3.2990285543713e-06	 7.4688781515467e-03
-1.2403007796373e-01	 7.3780695688761e-03	 3.3004307755040e-06	 7.3737931041244e-03
-1.2365308684529e-01	 7.2838617902840e-03	 3.3018339629833e-06	 7.2795839223448e-03
-1.2327609572686e-01	 7.1905249252581e-03	 3.3032381233832e-06	 7.1862456531585e-03
-1.2289910460843e-01	 7.0980540289011e-03	 3.3046432633249e-06	 7.0937733516616e-03
-1.2252211349000e-01	 7.0064441645883e-03	 3.3060493894891e-06	 7.0021620812226e-03
-1.2214512237157e-01	 6.9156904040176e-03	 3.3074565086295e-06	 6.9114069135328e-03
-1.2176813125314e-01	 6.8257878272571e-03	 3.3088646275855e-06	 6.8215029286534e-03
-1.2139114013471e-01	 6.7367315229220e-03	 3.3102737532960e-06	 6.7324452151926e-03
-1.2101414901628e-01	 6.6485165881686e-03	 3.3116838928132e-06	 6.6442288702996e-03
-1.2063715789785e-01	 6.5611381288597e-03	 3.3130950533165e-06	 6.5568489998302e-03
-1.2026016677942e-01	 6.4745912595536e-03	 3.3145072421264e-06	 6.4703007183353e-03
-1.1988317566099e-01	 6.3888711036679e-03	 3.3159204667181e-06	 6.3845791492250e-03
-1.1950618454256e-01	 6.3039727935146e-03	 3.3173347347354e-06	 6.2996794248037e-03
-1.1912919342412e-01	 6.2198914704000e-03	 3.3187500540030e-06	 6.2155966863698e-03
-1.1875220230569e-01	 6.1366222846834e-03	 3.3201664325401e-06	 6.1323260842747e-03
-1.1837521118726e-01	 6.0541603959381e-03	 3.3215838785712e-06	 6.0498627780834e-03
-1.1799822006883e-01	 5.9725009728529e-03	 3.3230024005387e-06	 5.9682019364762e-03
-1.1762122895040e-01	 5.8916391935523e-03	 3.3244220071124e-06	 5.8873387375690e-03
-1.1724423783197e-01	 5.8115702454607e-03	 3.3258427071993e-06	 5.8072683687773e-03
-1.1686724671354e-01	 5.7322893254739e-03	 3.3272645099524e-06	 5.7279860269878e-03
-1.1649025559511e-01	 5.6537916400624e-03	 3.3286874247777e-06	 5.6494869186614e-03
-1.1611326447668e-01	 5.5760724052770e-03	 3.3301114613411e-06	 5.5717662598395e-03
-1.1573627335825e-01	 5.4991268469000e-03	 3.3315366295727e-06	 5.4948192762942e-03
-1.1535928223982e-01	 5.4229502004307e-03	 3.3329629396708e-06	 5.4186412035149e-03
-1.1498229112139e-01	 5.3475377112435e-03	 3.3343904021042e-06	 5.3432272868652e-03
-1.1460530000296e-01	 5.2728846345999e-03	 3.3358190276131e-06	 5.2685727815961e-03
-1.1422830888452e-01	 5.1989862357758e-03	 3.3372488272080e-06	 5.1946729529724e-03
-1.1385131776609e-01	 5.1258377900763e-03	 3.3386798121679e-06	 5.1215230762880e-03
-1.1347432664766e-01	 5.0534345829474e-03	 3.3401119940365e-06	 5.0491184369772e-03
-1.1309733552923e-01	 4.9817719100188e-03	 3.3415453846164e-06	 4.9774543306580e-03
-1.1272034441080e-01	 4.9108450771866e-03	 3.3429799959627e-06	 4.9065260632145e-03
-1.1234335329237e-01	 4.8406494007157e-03	 3.3444158403738e-06	 4.8363289508991e-03
-1.1196636217394e-01	 4.7711802072166e-03	 3.3458529303816e-06	 4.7668583203101e-03
-1.1158937105551e-01	 4.7024328338160e-03	 3.3472912787391e-06	 4.6981095085611e-03
-1.1121237993708e-01	 4.6344026281397e-03	 3.3487308984077e-06	 4.6300778632651e-03
-1.1083538881865e-01	 4.5670849484482e-03	 3.3501718025413e-06	 4.5627587426695e-03
-1.1045839770022e-01	 4.5004751636230e-03	 3.3516140044703e-06	 4.4961475156423e-03
-1.1008140658179e-01	 4.4345686533222e-03	 3.3530575176834e-06	 4.4302395618283e-03
-1.0970441546336e-01	 4.3693608079560e-03	 3.3545023558075e-06	 4.3650302716240e-03
-1.0932742434492e-01	 4.3048470287958e-03	 3.3559485325874e-06	 4.3005150462870e-03
-1.0895043322649e-01	 4.2410227280673e-03	 3.3573960618628e-06	 4.2366892980292e-03
-1.0857344210806e-01	 4.1778833289078e-03	 3.3588449575449e-06	 4.1735484499741e-03
-1.0819645098963e-01	 4.1154242655463e-03	 3.3602952335913e-06	 4.1110879363365e-03
-1.0781945987120e-01	 4.0536409832611e-03	 3.3617469039799e-06	 4.0493032023809e-03
-1.0744246875277e-01	 3.9925289385352e-03	 3.3631999826816e-06	 3.9881897045764e-03
-1.0706547763434e-01	 3.9320835990173e-03	 3.3646544836319e-06	 3.9277429105575e-03
-1.0668848651591e-01	 3.8723004436746e-03	 3.3661104207018e-06	 3.8679582992778e-03
-1.0631149539748e-01	 3.8131749627673e-03	 3.3675678076674e-06	 3.8088313609834e-03
-1.0593450427905e-01	 3.7547026579522e-03	 3.3690266581792e-06	 3.7503575973179e-03
-1.0555751316062e-01	 3.6968790423391e-03	 3.3704869857302e-06	 3.6925325213772e-03
-1.0518052204219e-01	 3.6396996405193e-03	 3.3719488036237e-06	 3.6353516577395e-03
-1.0480353092376e-01	 3.5831599886520e-03	 3.3734121249404e-06	 3.5788105425509e-03
-1.0442653980532e-01	 3.5272556344926e-03	 3.3748769625054e-06	 3.5229047235539e-03
-1.0404954868689e-01	 3.4719821374492e-03	 3.3763433288540e-06	 3.4676297601441e-03
-1.0367255756846e-01	 3.4173350686755e-03	 3.3778112361981e-06	 3.4129812234631e-03
-1.0329556645003e-01	 3.3633100111024e-03	 3.3792806963922e-06	 3.3589546964299e-03
-1.0291857533160e-01	 3.3099025594423e-03	 3.3807517208988e-06	 3.3055457737452e-03
-1.0254158421317e-01	 3.2571083203024e-03	 3.3822243207547e-06	 3.2527500620054e-03
-1.0216459309474e-01	 3.2049229122441e-03	 3.3836985065362e-06	 3.2005631797614e-03
-1.0178760197631e-01	 3.1533419657818e-03	 3.3851742883259e-06	 3.1489807575174e-03
-1.0141061085788e-01	 3.1023611234842e-03	 3.3866516756781e-06	 3.0979984378323e-03
-1.0103361973945e-01	 3.0519760399904e-03	 3.3881306775862e-06	 3.0476118753366e-03
-1.0065662862102e-01	 3.0021823820956e-03	 3.3896113024493e-06	 2.9978167368170e-03
-1.0027963750259e-01	 2.9529758287869e-03	 3.3910935580400e-06	 2.9486087012527e-03
-9.9902646384155e-02	 2.9043520712802e-03	 3.3925774514723e-06	 2.8999834598525e-03
-9.9525655265725e-02	 2.8563068130772e-03	 3.3940629891706e-06	 2.8519367161118e-03
-9.9148664147294e-02	 2.8088357700701e-03	 3.3955501768394e-06	 2.8044641859171e-03
-9.8771673028863e-02	 2.7619346704863e-03	 3.3970390194332e-06	 2.7575615974907e-03
-9.8394681910432e-02	 2.7155992550427e-03	 3.3985295211287e-06	 2.7112246915454e-03
-9.8017690792002e-02	 2.6698252769480e-03	 3.4000216852963e-06	 2.6654492212865e-03
-9.7640699673571e-02	 2.6246085019518e-03	 3.4015155144737e-06	 2.6202309524611e-03
-9.7263708555140e-02	 2.5799447083814e-03	 3.4030110103410e-06	 2.5755656633949e-03
-9.6886717436709e-02	 2.5358296872779e-03	 3.4045081736957e-06	 2.5314491451280e-03
-9.6509726318278e-02	 2.4922592423072e-03	 3.4060070044300e-06	 2.4878772013266e-03
-9.6132735199848e-02	 2.4492291899486e-03	 3.4075075015093e-06	 2.4448456484709e-03
-9.5755744081417e-02	 2.4067353594222e-03	 3.4090096629520e-06	 2.4023503157831e-03
-9.5378752962986e-02	 2.3647735928546e-03	 3.4105134858105e-06	 2.3603870453927e-03
-9.5001761844555e-02	 2.3233397452449e-03	 3.4120189661543e-06	 2.3189516923026e-03
-9.4624770726125e-02	 2.2824296845265e-03	 3.4135260990543e-06	 2.2780401244513e-03
-9.4247779607694e-02	 2.2420392916733e-03	 3.4150348785691e-06	 2.2376482228186e-03
-9.3870788489263e-02	 2.2021644606598e-03	 3.4165452977322e-06	 2.1977718813859e-03
-9.3493797370832e-02	 2.1628010985998e-03	 3.4180573485421e-06	 2.1584070072751e-03
-9.3116806252401e-02	 2.1239451257358e-03	 3.4195710219535e-06	 2.1195495207377e-03
-9.2739815133971e-02	 2.0855924755094e-03	 3.4210863078703e-06	 2.0811953552253e-03
-9.2362824015540e-02	 2.0477390945949e-03	 3.4226031951410e-06	 2.0433404574236e-03
-9.1985832897109e-02	 2.0103809429915e-03	 3.4241216715551e-06	 2.0059807873438e-03
-9.1608841778678e-02	 1.9735139940059e-03	 3.4256417238429e-06	 1.9691123183059e-03
-9.1231850660248e-02	 1.9371342343568e-03	 3.4271633376753e-06	 1.9327310370429e-03
-9.0854859541817e-02	 1.9012376641797e-03	 3.4286864976678e-06	 1.8968329437059e-03
-9.0477868423386e-02	 1.8658202971178e-03	 3.4302111873846e-06	 1.8614140519543e-03
-9.0100877304955e-02	 1.8308781603373e-03	 3.4317373893461e-06	 1.8264703889718e-03
-8.9723886186524e-02	 1.7964072945840e-03	 3.4332650850376e-06	 1.7919979955228e-03
-8.9346895068094e-02	 1.7624037542230e-03	 3.4347942549203e-06	 1.7579929259919e-03
-8.8969903949663e-02	 1.7288636073170e-03	 3.4363248784446e-06	 1.7244512484624e-03
-8.8592912831232e-02	 1.6957829356149e-03	 3.4378569340653e-06	 1.6913690447047e-03
-8.8215921712801e-02	 1.6631578346602e-03	 3.4393903992588e-06	 1.6587424102847e-03
-8.7838930594371e-02	 1.6309844137902e-03	 3.4409252505422e-06	 1.6265674545635e-03
-8.7461939475940e-02	 1.5992587961983e-03	 3.4424614634948e-06	 1.5948403007586e-03
-8.7084948357509e-02	 1.5679771189977e-03	 3.4439990127815e-06	 1.5635570860087e-03
-8.6707957239078e-02	 1.5371355332201e-03	 3.4455378721782e-06	 1.5327139613718e-03
-8.6330966120648e-02	 1.5067302039151e-03	 3.4470780145990e-06	 1.5023070919243e-03
-8.5953975002217e-02	 1.4767573101388e-03	 3.4486194121259e-06	 1.4723326567505e-03
-8.5576983883786e-02	 1.4472130450447e-03	 3.4501620360401e-06	 1.4427868490325e-03
-8.5199992765355e-02	 1.4180936159025e-03	 3.4517058568549e-06	 1.4136658760695e-03
-8.4823001646924e-02	 1.3893952441415e-03	 3.4532508443516e-06	 1.3849659593210e-03
-8.4446010528494e-02	 1.3611141653854e-03	 3.4547969676162e-06	 1.3566833344416e-03
-8.4069019410063e-02	 1.3332466295509e-03	 3.4563441950784e-06	 1.3288142513797e-03
-8.3692028291632e-02	 1.3057889007724e-03	 3.4578924945529e-06	 1.3013549743017e-03
-8.3315037173201e-02	 1.2787372575857e-03	 3.4594418332812e-06	 1.2743017817762e-03
-8.2938046054771e-02	 1.2520879928522e-03	 3.4609921779770e-06	 1.2476509666981e-03
-8.2561054936340e-02	 1.2258374138602e-03	 3.4625434948716e-06	 1.2213988363892e-03
-8.2184063817909e-02	 1.1999818423569e-03	 3.4640957497622e-06	 1.1955417126309e-03
-8.1807072699478e-02	 1.1745176145742e-03	 3.4656489080609e-06	 1.1700759316899e-03
-8.1430081581047e-02	 1.1494410812793e-03	 3.4672029348466e-06	 1.1449978443683e-03
-8.1053090462617e-02	 1.1247486078040e-03	 3.4687577949167e-06	 1.1203038160329e-03
-8.0676099344186e-02	 1.1004365740995e-03	 3.4703134528419e-06	 1.0959902266705e-03
-8.0299108225755e-02	 1.0765013747636e-03	 3.4718698730214e-06	 1.0720534709144e-03
-7.9922117107324e-02	 1.0529394190723e-03	 3.4734270197401e-06	 1.0484899580764e-03
-7.9545125988894e-02	 1.0297471310360e-03	 3.4749848572265e-06	 1.0252961122026e-03
-7.9168134870463e-02	 1.0069209494340e-03	 3.4765433497127e-06	 1.0024683721082e-03
-7.8791143752032e-02	 9.8445732782613e-04	 3.4781024614942e-06	 9.8000319138847e-04
-7.8414152633601e-02	 9.6235273462208e-04	 3.4796621569924e-06	 9.5789703848892e-04
-7.8037161515170e-02	 9.4060365311332e-04	 3.4812224008166e-06	 9.3614639673634e-04
-7.7660170396740e-02	 9.1920658147575e-04	 3.4827831578277e-06	 9.1474776434175e-04
-7.7283179278309e-02	 8.9815803286202e-04	 3.4843443932025e-06	 8.9369765449265e-04
-7.6906188159878e-02	 8.7745453540411e-04	 3.4859060724984e-06	 8.7299259535545e-04
-7.6529197041447e-02	 8.5709263222732e-04	 3.4874681617191e-06	 8.5262913008943e-04
-7.6152205923017e-02	 8.3706888155005e-04	 3.4890306273798e-06	 8.3260381694650e-04
-7.5775214804586e-02	 8.1737985664435e-04	 3.4905934365742e-06	 8.1291322923160e-04
-7.5398223686155e-02	 7.9802214595368e-04	 3.4921565570399e-06	 7.9355395542047e-04
-7.5021232567724e-02	 7.7899235303855e-04	 3.4937199572247e-06	 7.7452259910515e-04
-7.4644241449293e-02	 7.6028709669262e-04	 3.4952836063531e-06	 7.5581577911010e-04
-7.4267250330863e-02	 7.4190301090859e-04	 3.4968474744915e-06	 7.3743012945793e-04
-7.3890259212432e-02	 7.2383674496313e-04	 3.4984115326135e-06	 7.1936229945435e-04
-7.3513268094001e-02	 7.0608496345523e-04	 3.4999757526647e-06	 7.0160895372640e-04
-7.3136276975570e-02	 6.8864434627653e-04	 3.5015401076264e-06	 6.8416677219274e-04
-7.2759285857140e-02	 6.7151158873270e-04	 3.5031045715782e-06	 6.6703245018496e-04
-7.2382294738709e-02	 6.5468340148859e-04	 3.5046691197597e-06	 6.5020269839267e-04
-7.2005303620278e-02	 6.3815651069546e-04	 3.5062337286311e-06	 6.3367424299066e-04
-7.1628312501847e-02	 6.2192765794003e-04	 3.5077983759318e-06	 6.1744382558793e-04
-7.1251321383416e-02	 6.0599360034795e-04	 3.5093630407373e-06	 6.0150820333105e-04
-7.0874330264986e-02	 5.9035111054898e-04	 3.5109277035154e-06	 5.8586414886930e-04
-7.0497339146555e-02	 5.7499697675362e-04	 3.5124923461783e-06	 5.7050845043127e-04
-7.0120348028124e-02	 5.5992800282391e-04	 3.5140569521347e-06	 5.5543791189561e-04
-6.9743356909693e-02	 5.4514100819409e-04	 3.5156215063383e-06	 5.4064935271159e-04
-6.9366365791263e-02	 5.3063282799689e-04	 3.5171859953339e-06	 5.2613960802539e-04
-6.8989374672832e-02	 5.1640031310363e-04	 3.5187504073010e-06	 5.1190552872016e-04
-6.8612383554401e-02	 5.0244033007331e-04	 3.5203147320950e-06	 4.9794398136505e-04
-6.8235392435970e-02	 4.8874976123382e-04	 3.5218789612845e-06	 4.8425184829637e-04
-6.7858401317540e-02	 4.7532550476112e-04	 3.5234430881862e-06	 4.7082602769677e-04
-6.7481410199109e-02	 4.6216447461766e-04	 3.5250071078966e-06	 4.5766343353359e-04
-6.7104419080678e-02	 4.4926360063410e-04	 3.5265710173194e-06	 4.4476099564061e-04
-6.6727427962247e-02	 4.3661982855378e-04	 3.5281348151908e-06	 4.3211565976242e-04
-6.6350436843816e-02	 4.2423012001406e-04	 3.5296985020998e-06	 4.1972438753579e-04
-6.5973445725386e-02	 4.1209145262795e-04	 3.5312620805055e-06	 4.0758415657127e-04
-6.5596454606955e-02	 4.0020081996668e-04	 3.5328255547508e-06	 3.9569196043576e-04
-6.5219463488524e-02	 3.8855523163679e-04	 3.5343889310710e-06	 3.8404480872956e-04
-6.4842472370093e-02	 3.7715171327512e-04	 3.5359522175997e-06	 3.7263972708135e-04
-6.4465481251663e-02	 3.6598730656498e-04	 3.5375154243698e-06	 3.6147375716444e-04
-6.4088490133232e-02	 3.5505906930918e-04	 3.5390785633105e-06	 3.5054395676970e-04
-6.3711499014801e-02	 3.4436407542349e-04	 3.5406416482398e-06	 3.3984739979909e-04
-6.3334507896370e-02	 3.3389941494947e-04	 3.5422046948532e-06	 3.2938117627845e-04
-6.2957516777939e-02	 3.2366219411891e-04	 3.5437677207076e-06	 3.1914239242203e-04
-6.2580525659509e-02	 3.1364953536070e-04	 3.5453307452010e-06	 3.0912817063933e-04
-6.2203534541078e-02	 3.0385857733080e-04	 3.5468937895472e-06	 2.9933564956508e-04
-6.1826543422647e-02	 2.9428647487211e-04	 3.5484568767473e-06	 2.8976198401920e-04
-6.1449552304216e-02	 2.8493039918601e-04	 3.5500200315550e-06	 2.8040434517829e-04
-6.1072561185786e-02	 2.7578753766505e-04	 3.5515832804392e-06	 2.7125992040844e-04
-6.0695570067355e-02	 2.6685509408147e-04	 3.5531466515408e-06	 2.6232591345376e-04
-6.0318578948924e-02	 2.5813028850735e-04	 3.5547101746254e-06	 2.5359954435655e-04
-5.9941587830493e-02	 2.4961035735290e-04	 3.5562738810321e-06	 2.4507804949570e-04
-5.9564596712062e-02	 2.4129255339689e-04	 3.5578378036176e-06	 2.3675868161710e-04
-5.9187605593632e-02	 2.3317414582708e-04	 3.5594019766955e-06	 2.2863870987422e-04
-5.8810614475201e-02	 2.2525242018689e-04	 3.5609664359723e-06	 2.2071541977475e-04
-5.8433623356770e-02	 2.1752467848089e-04	 3.5625312184787e-06	 2.1298611328624e-04
-5.8056632238339e-02	 2.0998823909633e-04	 3.5640963624969e-06	 2.0544810875767e-04
-5.7679641119909e-02	 2.0264043692281e-04	 3.5656619074841e-06	 1.9809874103915e-04
-5.7302650001478e-02	 1.9547862324576e-04	 3.5672278939927e-06	 1.9093536137560e-04
-5.6925658883047e-02	 1.8850016585489e-04	 3.5687943635858e-06	 1.8395533751514e-04
-5.6548667764616e-02	 1.8170244903009e-04	 3.5703613587502e-06	 1.7715605369517e-04
-5.6171676646185e-02	 1.7508287351611e-04	 3.5719289228061e-06	 1.7053491061714e-04
-5.5794685527755e-02	 1.6863885656304e-04	 3.5734970998134e-06	 1.6408932548706e-04
-5.5417694409324e-02	 1.6236783194927e-04	 3.5750659344752e-06	 1.5781673203863e-04
-5.5040703290893e-02	 1.5626724996120e-04	 3.5766354720392e-06	 1.5171458051300e-04
-5.4663712172462e-02	 1.5033457740546e-04	 3.5782057581967e-06	 1.4578033767110e-04
-5.4286721054032e-02	 1.4456729761469e-04	 3.5797768389792e-06	 1.4001148679954e-04
-5.3909729935601e-02	 1.3896291046607e-04	 3.5813487606534e-06	 1.3440552772925e-04
-5.3532738817170e-02	 1.3351893239892e-04	 3.5829215696158e-06	 1.2895997685314e-04
-5.3155747698739e-02	 1.2823289635590e-04	 3.5844953122846e-06	 1.2367236706745e-04
-5.2778756580309e-02	 1.2310235185790e-04	 3.5860700349926e-06	 1.1854024784674e-04
-5.2401765461878e-02	 1.1812486498414e-04	 3.5876457838784e-06	 1.1356118522410e-04
-5.2024774343447e-02	 1.1329801834998e-04	 3.5892226047785e-06	 1.0873276176904e-04
-5.1647783225016e-02	 1.0861941113801e-04	 3.5908005431199e-06	 1.0405257661872e-04
-5.1270792106585e-02	 1.0408665907316e-04	 3.5923796438131e-06	 9.9518245453178e-05
-5.0893800988155e-02	 9.9697394484041e-05	 3.5939599511463e-06	 9.5127400556727e-05
-5.0516809869724e-02	 9.5449266206319e-05	 3.5955415086822e-06	 9.0877690721469e-05
-5.0139818751293e-02	 9.1339939682660e-05	 3.5971243591558e-06	 8.6766781347336e-05
-4.9762827632862e-02	 8.7367096891796e-05	 3.5987085443754e-06	 8.2792354371253e-05
-4.9385836514432e-02	 8.3528436372858e-05	 3.6002941051268e-06	 7.8952108291563e-05
-4.9008845396001e-02	 7.9821673262471e-05	 3.6018810810799e-06	 7.5243758205223e-05
-4.8631854277570e-02	 7.6244539213955e-05	 3.6034695107004e-06	 7.1665035727086e-05
-4.8254863159139e-02	 7.2794782478284e-05	 3.6050594311651e-06	 6.8213689070951e-05
-4.7877872040708e-02	 6.9470167847275e-05	 3.6066508782815e-06	 6.4887482992826e-05
-4.7500880922278e-02	 6.6268476714467e-05	 3.6082438864136e-06	 6.1684198851886e-05
-4.7123889803847e-02	 6.3187507007878e-05	 3.6098384884120e-06	 5.8601634543298e-05
-4.6746898685416e-02	 6.0225073233799e-05	 3.6114347155508e-06	 5.5637604542080e-05
-4.6369907566985e-02	 5.7379006483619e-05	 3.6130325974700e-06	 5.2789939909981e-05
-4.5992916448555e-02	 5.4647154390475e-05	 3.6146321621252e-06	 5.0056488252181e-05
-4.5615925330124e-02	 5.2027381201929e-05	 3.6162334357432e-06	 4.7435113790018e-05
-4.5238934211693e-02	 4.9517567714539e-05	 3.6178364427860e-06	 4.4923697295585e-05
-4.4861943093262e-02	 4.7115611327674e-05	 3.6194412059211e-06	 4.2520136145585e-05
-4.4484951974831e-02	 4.4819426039833e-05	 3.6210477460006e-06	 4.0222344317664e-05
-4.4107960856401e-02	 4.2626942414541e-05	 3.6226560820471e-06	 3.8028252356326e-05
-4.3730969737970e-02	 4.0536107675607e-05	 3.6242662312487e-06	 3.5935807468190e-05
-4.3353978619539e-02	 3.8544885597323e-05	 3.6258782089618e-06	 3.3942973412193e-05
-4.2976987501108e-02	 3.6651256601286e-05	 3.6274920287221e-06	 3.2047730596396e-05
-4.2599996382678e-02	 3.4853217773628e-05	 3.6291077022643e-06	 3.0248076095196e-05
-4.2223005264247e-02	 3.3148782788105e-05	 3.6307252395504e-06	 2.8542023572387e-05
-4.1846014145816e-02	 3.1535982007606e-05	 3.6323446488062e-06	 2.6927603382632e-05
-4.1469023027385e-02	 3.0012862481314e-05	 3.6339659365665e-06	 2.5402862568580e-05
-4.1092031908954e-02	 2.8577487890249e-05	 3.6355891077284e-06	 2.3965864806352e-05
-4.0715040790524e-02	 2.7227938689543e-05	 3.6372141656127e-06	 2.2614690547762e-05
-4.0338049672093e-02	 2.5962311981284e-05	 3.6388411120342e-06	 2.1347436893082e-05
-3.9961058553662e-02	 2.4778721640826e-05	 3.6404699473789e-06	 2.0162217717279e-05
-3.9584067435231e-02	 2.3675298306210e-05	 3.6421006706892e-06	 1.9057163659353e-05
-3.9207076316801e-02	 2.2650189383704e-05	 3.6437332797563e-06	 1.8030422127779e-05
-3.8830085198370e-02	 2.1701559064106e-05	 3.6453677712197e-06	 1.7080157316718e-05
-3.8453094079939e-02	 2.0827588395905e-05	 3.6470041406732e-06	 1.6204550279064e-05
-3.8076102961508e-02	 2.0026475260749e-05	 3.6486423827767e-06	 1.5401798901804e-05
-3.7699111843078e-02	 1.9296434392984e-05	 3.6502824913745e-06	 1.4670117925442e-05
-3.7322120724647e-02	 1.8635697454947e-05	 3.6519244596177e-06	 1.4007739019162e-05
-3.6945129606216e-02	 1.8042513022102e-05	 3.6535682800921e-06	 1.3412910765842e-05
-3.6568138487785e-02	 1.7515146619141e-05	 3.6552139449494e-06	 1.2883898698024e-05
-3.6191147369354e-02	 1.7051880789623e-05	 3.6568614460426e-06	 1.2418985367413e-05
-3.5814156250924e-02	 1.6651015034048e-05	 3.6585107750633e-06	 1.2016470282816e-05
-3.5437165132493e-02	 1.6310865955545e-05	 3.6601619236821e-06	 1.1674670055695e-05
-3.5060174014062e-02	 1.6029767200954e-05	 3.6618148836889e-06	 1.1391918341097e-05
-3.4683182895631e-02	 1.5806069538569e-05	 3.6634696471353e-06	 1.1166565915266e-05
-3.4306191777201e-02	 1.5638140874380e-05	 3.6651262064763e-06	 1.0996980691735e-05
-3.3929200658770e-02	 1.5524366278966e-05	 3.6667845547107e-06	 1.0881547748087e-05
-3.3552209540339e-02	 1.5463148049923e-05	 3.6684446855204e-06	 1.0818669388235e-05
-3.3175218421908e-02	 1.5452905671586e-05	 3.6701065934067e-06	 1.0806765102012e-05
-3.2798227303477e-02	 1.5492075949720e-05	 3.6717702738239e-06	 1.0844271699728e-05
-3.2421236185047e-02	 1.5579112969462e-05	 3.6734357233080e-06	 1.0929643269986e-05
-3.2044245066616e-02	 1.5712488173715e-05	 3.6751029396010e-06	 1.1061351257946e-05
-3.1667253948185e-02	 1.5890690322635e-05	 3.6767719217694e-06	 1.1237884424697e-05
-3.1290262829754e-02	 1.6112225589439e-05	 3.6784426703155e-06	 1.1457748942956e-05
-3.0913271711324e-02	 1.6375617609587e-05	 3.6801151872823e-06	 1.1719468446136e-05
-3.0536280592893e-02	 1.6679407399604e-05	 3.6817894763496e-06	 1.2021583947086e-05
-3.0159289474462e-02	 1.7022153527924e-05	 3.6834655429207e-06	 1.2362654008835e-05
-2.9782298356031e-02	 1.7402432014158e-05	 3.6851433942009e-06	 1.2741254643789e-05
-2.9405307237600e-02	 1.7818836463053e-05	 3.6868230392642e-06	 1.3155979447621e-05
-2.9028316119170e-02	 1.8269977962633e-05	 3.6885044891099e-06	 1.3605439497355e-05
-2.8651325000739e-02	 1.8754485238226e-05	 3.6901877567065e-06	 1.4088263505352e-05
-2.8274333882308e-02	 1.9271004611425e-05	 3.6918728570248e-06	 1.4603097778232e-05
-2.7897342763877e-02	 1.9818199978228e-05	 3.6935598070567e-06	 1.5148606195003e-05
-2.7520351645447e-02	 2.0394752911637e-05	 3.6952486258215e-06	 1.5723470309648e-05
-2.7143360527016e-02	 2.0999362595031e-05	 3.6969393343587e-06	 1.6326389284504e-05
-2.6766369408585e-02	 2.1630745899863e-05	 3.6986319557057e-06	 1.6956079967989e-05
-2.6389378290154e-02	 2.2287637341434e-05	 3.7003265148619e-06	 1.7611276850404e-05
-2.6012387171723e-02	 2.2968789129695e-05	 3.7020230387379e-06	 1.8290732114790e-05
-2.5635396053293e-02	 2.3672971158519e-05	 3.7037215560894e-06	 1.8993215626262e-05
-2.5258404934862e-02	 2.4398970991188e-05	 3.7054220974367e-06	 1.9717514917583e-05
-2.4881413816431e-02	 2.5145593893050e-05	 3.7071246949689e-06	 2.0462435221913e-05
-2.4504422698000e-02	 2.5911662792106e-05	 3.7088293824331e-06	 2.1226799433505e-05
-2.4127431579570e-02	 2.6696018312856e-05	 3.7105361950083e-06	 2.2009448141680e-05
-2.3750440461139e-02	 2.7497518738081e-05	 3.7122451691659e-06	 2.2809239592747e-05
-2.3373449342708e-02	 2.8315040020008e-05	 3.7139563425140e-06	 2.3625049701326e-05
-2.2996458224277e-02	 2.9147475742730e-05	 3.7156697536294e-06	 2.4455772012932e-05
-2.2619467105847e-02	 2.9993737157550e-05	 3.7173854418747e-06	 2.5300317739507e-05
-2.2242475987416e-02	 3.0852753068988e-05	 3.7191034472035e-06	 2.6157615645617e-05
-2.1865484868985e-02	 3.1723469961249e-05	 3.7208238099515e-06	 2.7026612175129e-05
-2.1488493750554e-02	 3.2604851802937e-05	 3.7225465706184e-06	 2.7906271256151e-05
-2.1111502632123e-02	 3.3495880157959e-05	 3.7242717696359e-06	 2.8795574412155e-05
-2.0734511513693e-02	 3.4395554096242e-05	 3.7259994471277e-06	 2.9693520672947e-05
-2.0357520395262e-02	 3.5302890201481e-05	 3.7277296426598e-06	 3.0599126582653e-05
-1.9980529276831e-02	 3.6216922467736e-05	 3.7294623949817e-06	 3.1511426096587e-05
-1.9603538158400e-02	 3.7136702365229e-05	 3.7311977417619e-06	 3.2429470647299e-05
-1.9226547039970e-02	 3.8061298711840e-05	 3.7329357193161e-06	 3.3352329016356e-05
-1.8849555921539e-02	 3.8989797708248e-05	 3.7346763623313e-06	 3.4279087369748e-05
-1.8472564803108e-02	 3.9921302867816e-05	 3.7364197035865e-06	 3.5208849188062e-05
-1.8095573684677e-02	 4.0854934953698e-05	 3.7381657736702e-06	 3.6140735203860e-05
-1.7718582566246e-02	 4.1789832013300e-05	 3.7399146006980e-06	 3.7073883436434e-05
-1.7341591447816e-02	 4.2725149227564e-05	 3.7416662100299e-06	 3.8007449041366e-05
-1.6964600329385e-02	 4.3660058997733e-05	 3.7434206239899e-06	 3.8940604397575e-05
-1.6587609210954e-02	 4.4593750768209e-05	 3.7451778615887e-06	 3.9872538930452e-05
-1.6210618092523e-02	 4.5525431118322e-05	 3.7469379382509e-06	 4.0802459203904e-05
-1.5833626974093e-02	 4.6454323617624e-05	 3.7487008655491e-06	 4.1729588775907e-05
-1.5456635855662e-02	 4.7379668813636e-05	 3.7504666509445e-06	 4.2653168186524e-05
-1.5079644737231e-02	 4.8300724208065e-05	 3.7522352975378e-06	 4.3572454934360e-05
-1.4702653618800e-02	 4.9216764230363e-05	 3.7540068038297e-06	 4.4486723450365e-05
-1.4325662500369e-02	 5.0127080140243e-05	 3.7557811634943e-06	 4.5395265000581e-05
-1.3948671381939e-02	 5.1030980038125e-05	 3.7575583651649e-06	 4.6297387696792e-05
-1.3571680263508e-02	 5.1927788785000e-05	 3.7593383922351e-06	 4.7192416416597e-05
-1.3194689145077e-02	 5.2816848031558e-05	 3.7611212226760e-06	 4.8079692832714e-05
-1.2817698026646e-02	 5.3697516149853e-05	 3.7629068288703e-06	 4.8958575344815e-05
-1.2440706908216e-02	 5.4569168169209e-05	 3.7646951774654e-06	 4.9828439015576e-05
-1.2063715789785e-02	 5.5431195793853e-05	 3.7664862292457e-06	 5.0688675588439e-05
-1.1686724671354e-02	 5.6283007360624e-05	 3.7682799390259e-06	 5.1538693445430e-05
-1.1309733552923e-02	 5.7124027827781e-05	 3.7700762555661e-06	 5.2377917596047e-05
-1.0932742434492e-02	 5.7953698717992e-05	 3.7718751215094e-06	 5.3205789620314e-05
-1.0555751316062e-02	 5.8771478162252e-05	 3.7736764733425e-06	 5.4021767712742e-05
-1.0178760197631e-02	 5.9576840836484e-05	 3.7754802413815e-06	 5.4825326618935e-05
-9.8017690792002e-03	 6.0369277933007e-05	 3.7772863497812e-06	 5.5615957607058e-05
-9.4247779607694e-03	 6.1148297251061e-05	 3.7790947165711e-06	 5.6393168558322e-05
-9.0477868423386e-03	 6.1913423074628e-05	 3.7809052537153e-06	 5.7156483844745e-05
-8.6707957239078e-03	 6.2664196270111e-05	 3.7827178672006e-06	 5.7905444426742e-05
-8.2938046054771e-03	 6.3400174217056e-05	 3.7845324571484e-06	 5.8639607783739e-05
-7.9168134870463e-03	 6.4120930883230e-05	 3.7863489179546e-06	 5.9358547989108e-05
-7.5398223686155e-03	 6.4826056766173e-05	 3.7881671384553e-06	 6.0061855651550e-05
-7.1628312501847e-03	 6.5515158991191e-05	 3.7899870021172e-06	 6.0749138012905e-05
-6.7858401317540e-03	 6.6187861283601e-05	 3.7918083872557e-06	 6.1420018920177e-05
-6.4088490133232e-03	 6.6843803977079e-05	 3.7936311672765e-06	 6.2074138833634e-05
-6.0318578948924e-03	 6.7482644107181e-05	 3.7954552109433e-06	 6.2711154920070e-05
-5.6548667764616e-03	 6.8104055375668e-05	 3.7972803826683e-06	 6.3330741016832e-05
-5.2778756580309e-03	 6.8707728263836e-05	 3.7991065428270e-06	 6.3932587744842e-05
-4.9008845396001e-03	 6.9293369979014e-05	 3.8009335480949e-06	 6.4516402454751e-05
-4.5238934211693e-03	 6.9860704597465e-05	 3.8027612518061e-06	 6.5081909369491e-05
-4.1469023027385e-03	 7.0409473048566e-05	 3.8045895043312e-06	 6.5628849568067e-05
-3.7699111843078e-03	 7.0939433202795e-05	 3.8064181534757e-06	 6.6156981073151e-05
-3.3929200658770e-03	 7.1450359895796e-05	 3.8082470448953e-06	 6.6666078874733e-05
-3.0159289474462e-03	 7.1942045060487e-05	 3.8100760225276e-06	 6.7155935061791e-05
-2.6389378290154e-03	 7.2414297656890e-05	 3.8119049290397e-06	 6.7626358751682e-05
-2.2619467105847e-03	 7.2866943876435e-05	 3.8137336062878e-06	 6.8077176293979e-05
-1.8849555921539e-03	 7.3299827148867e-05	 3.8155618957898e-06	 6.8508231276909e-05
-1.5079644737231e-03	 7.3712808192246e-05	 3.8173896392071e-06	 6.8919384576871e-05
-1.1309733552923e-03	 7.4105765115133e-05	 3.8192166788353e-06	 6.9310514460130e-05
-7.5398223686155e-04	 7.4478593489031e-05	 3.8210428581007e-06	 6.9681516654763e-05
-3.7699111843078e-04	 7.4831206441920e-05	 3.8228680220623e-06	 7.0032304443690e-05
 0.0000000000000e+00	 7.5163534656766e-05	 3.8246920179156e-06	 7.0362808662683e-05
 3.7699111843078e-04	 7.5475526556321e-05	 3.8265146954973e-06	 7.0672977884656e-05
 7.5398223686155e-04	 7.5767148306624e-05	 3.8283359077891e-06	 7.0962778422667e-05
 1.1309733552923e-03	 7.6038383903546e-05	 3.8301555114184e-06	 7.1232194415960e-05
 1.5079644737231e-03	 7.6289235280752e-05	 3.8319733671530e-06	 7.1481227937431e-05
 1.8849555921539e-03	 7.6519722382465e-05	 3.8337893403893e-06	 7.1709899065908e-05
 2.2619467105847e-03	 7.6729883200363e-05	 3.8356033016309e-06	 7.1918245922564e-05
 2.6389378290154e-03	 7.6919773890282e-05	 3.8374151269565e-06	 7.2106324787158e-05
 3.0159289474462e-03	 7.7089468810756e-05	 3.8392246984742e-06	 7.2274210136114e-05
 3.3929200658770e-03	 7.7239060646799e-05	 3.8410319047609e-06	 7.2421994765870e-05
 3.7699111843078e-03	 7.7368660421763e-05	 3.8428366412852e-06	 7.2549789804310e-05
 4.1469023027385e-03	 7.7478397591116e-05	 3.8446388108109e-06	 7.2657724804137e-05
 4.5238934211693e-03	 7.7568420142849e-05	 3.8464383237810e-06	 7.2745947842900e-05
 4.9008845396001e-03	 7.7638894552771e-05	 3.8482350986788e-06	 7.2814625477924e-05
 5.2778756580309e-03	 7.7690005940491e-05	 3.8500290623657e-06	 7.2863942901957e-05
 5.6548667764616e-03	 7.7721958125916e-05	 3.8518201503934e-06	 7.2894103999355e-05
 6.0318578948924e-03	 7.7734973601998e-05	 3.8536083072904e-06	 7.2905331318540e-05
 6.4088490133232e-03	 7.7729293616263e-05	 3.8553934868188e-06	 7.2897866153276e-05
 6.7858401317540e-03	 7.7705178249974e-05	 3.8571756522041e-06	 7.2871968621602e-05
 7.1628312501847e-03	 7.7662906396570e-05	 3.8589547763326e-06	 7.2827917644069e-05
 7.5398223686155e-03	 7.7602775837996e-05	 3.8607308419189e-06	 7.2766011019909e-05
 7.9168134870463e-03	 7.7525103228293e-05	 3.8625038416408e-06	 7.2686565410485e-05
 8.2938046054771e-03	 7.7430224158541e-05	 3.8642737782416e-06	 7.2589916404131e-05
 8.6707957239078e-03	 7.7318493133050e-05	 3.8660406645982e-06	 7.2476418492284e-05
 9.0477868423386e-03	 7.7190283606266e-05	 3.8678045237561e-06	 7.2346445106342e-05
 9.4247779607694e-03	 7.7045987991640e-05	 3.8695653889298e-06	 7.2200388626542e-05
 9.8017690792002e-03	 7.6886017617196e-05	 3.8713233034691e-06	 7.2038660337559e-05
 1.0178760197631e-02	 7.6710802748882e-05	 3.8730783207903e-06	 7.1861690451924e-05
 1.0555751316062e-02	 7.6520792625332e-05	 3.8748305042738e-06	 7.1669928144891e-05
 1.0932742434492e-02	 7.6316455344484e-05	 3.8765799271274e-06	 7.1463841441188e-05
 1.1309733552923e-02	 7.6098277893939e-05	 3.8783266722157e-06	 7.1243917245556e-05
 1.1686724671354e-02	 7.5866766135444e-05	 3.8800708318568e-06	 7.1010661327420e-05
 1.2063715789785e-02	 7.5622444750802e-05	 3.8818125075864e-06	 7.0764598267048e-05
 1.2440706908216e-02	 7.5365857180768e-05	 3.8835518098902e-06	 7.0506271394710e-05
 1.2817698026646e-02	 7.5097565603880e-05	 3.8852888579063e-06	 7.0236242769806e-05
 1.3194689145077e-02	 7.4818150913700e-05	 3.8870237790967e-06	 6.9955093158436e-05
 1.3571680263508e-02	 7.4528212595675e-05	 3.8887567088923e-06	 6.9663421910615e-05
 1.3948671381939e-02	 7.4228368747397e-05	 3.8904877903091e-06	 6.9361846980920e-05
 1.4325662500369e-02	 7.3919255935978e-05	 3.8922171735406e-06	 6.9051004786269e-05
 1.4702653618800e-02	 7.3601529191511e-05	 3.8939450155243e-06	 6.8731550199819e-05
 1.5079644737231e-02	 7.3275861898147e-05	 3.8956714794874e-06	 6.8404156442492e-05
 1.5456635855662e-02	 7.2942945734777e-05	 3.8973967344709e-06	 6.8069515024138e-05
 1.5833626974093e-02	 7.2603490601705e-05	 3.8991209548350e-06	 6.7728335670703e-05
 1.6210618092523e-02	 7.2258224531877e-05	 3.9008443197475e-06	 6.7381346235962e-05
 1.6587609210954e-02	 7.1907893608861e-05	 3.9025670126574e-06	 6.7029292620036e-05
 1.6964600329385e-02	 7.1553261831971e-05	 3.9042892207547e-06	 6.6672938635048e-05
 1.7341591447816e-02	 7.1195111147692e-05	 3.9060111344196e-06	 6.6313066037105e-05
 1.7718582566246e-02	 7.0834241223411e-05	 3.9077329466627e-06	 6.5950474300580e-05
 1.8095573684677e-02	 7.0471469444960e-05	 3.9094548525576e-06	 6.5585980616234e-05
 1.8472564803108e-02	 7.0107630784597e-05	 3.9111770486695e-06	 6.5220419759759e-05
 1.8849555921539e-02	 6.9743577725824e-05	 3.9128997324801e-06	 6.4854644017176e-05
 1.9226547039970e-02	 6.9380180164333e-05	 3.9146231018124e-06	 6.4489523086353e-05
 1.9603538158400e-02	 6.9018325279647e-05	 3.9163473542567e-06	 6.4125943949223e-05
 1.9980529276831e-02	 6.8658917525999e-05	 3.9180726865997e-06	 6.3764810863232e-05
 2.0357520395262e-02	 6.8302878478558e-05	 3.9197992942599e-06	 6.3407045208130e-05
 2.0734511513693e-02	 6.7951146726178e-05	 3.9215273707296e-06	 6.3053585379280e-05
 2.1111502632123e-02	 6.7604677830880e-05	 3.9232571070266e-06	 6.2705386747686e-05
 2.1488493750554e-02	 6.7264444220960e-05	 3.9249886911574e-06	 6.2363421553635e-05
 2.1865484868985e-02	 6.6931435109527e-05	 3.9267223075936e-06	 6.2028678825765e-05
 2.2242475987416e-02	 6.6606656396625e-05	 3.9284581367629e-06	 6.1702164283695e-05
 2.2619467105847e-02	 6.6291130608908e-05	 3.9301963545572e-06	 6.1384900278183e-05
 2.2996458224277e-02	 6.5985896821220e-05	 3.9319371318587e-06	 6.1077925713193e-05
 2.3373449342708e-02	 6.5692010560444e-05	 3.9336806340863e-06	 6.0782295950190e-05
 2.3750440461139e-02	 6.5410543782090e-05	 3.9354270207626e-06	 6.0499082785159e-05
 2.4127431579570e-02	 6.5142584759300e-05	 3.9371764451046e-06	 6.0229374338028e-05
 2.4504422698000e-02	 6.4889238050608e-05	 3.9389290536379e-06	 5.9974275020802e-05
 2.4881413816431e-02	 6.4651624412641e-05	 3.9406849858360e-06	 5.9734905450637e-05
 2.5258404934862e-02	 6.4430880788465e-05	 3.9424443737864e-06	 5.9512402438511e-05
 2.5635396053293e-02	 6.4228160241553e-05	 3.9442073418834e-06	 5.9307918923501e-05
 2.6012387171723e-02	 6.4044631883227e-05	 3.9459740065500e-06	 5.9122623900509e-05
 2.6389378290154e-02	 6.3881480891177e-05	 3.9477444759874e-06	 5.8957702439022e-05
 2.6766369408585e-02	 6.3739908426968e-05	 3.9495188499557e-06	 5.8814355600845e-05
 2.7143360527016e-02	 6.3621131650619e-05	 3.9512972195833e-06	 5.8693800454868e-05
 2.7520351645447e-02	 6.3526383638729e-05	 3.9530796672079e-06	 5.8597269995353e-05
 2.7897342763877e-02	 6.3456913430869e-05	 3.9548662662476e-06	 5.8526013188454e-05
 2.8274333882308e-02	 6.3413985987073e-05	 3.9566570811036e-06	 5.8481294929802e-05
 2.8651325000739e-02	 6.3398882171230e-05	 3.9584521670940e-06	 5.8464396027968e-05
 2.9028316119170e-02	 6.3412898751935e-05	 3.9602515704180e-06	 5.8476613205349e-05
 2.9405307237600e-02	 6.3457348436126e-05	 3.9620553281520e-06	 5.8519259131806e-05
 2.9782298356031e-02	 6.3533559824479e-05	 3.9638634682755e-06	 5.8593662380035e-05
 3.0159289474462e-02	 6.3642877467641e-05	 3.9656760097278e-06	 5.8701167481745e-05
 3.0536280592893e-02	 6.3786661870869e-05	 3.9674929624942e-06	 5.8843134932207e-05
 3.0913271711324e-02	 6.3966289469166e-05	 3.9693143277210e-06	 5.9020941165278e-05
 3.1290262829754e-02	 6.4183152730674e-05	 3.9711400978597e-06	 5.9235978656647e-05
 3.1667253948185e-02	 6.4438660137305e-05	 3.9729702568380e-06	 5.9489655904299e-05
 3.2044245066616e-02	 6.4734236235789e-05	 3.9748047802580e-06	 5.9783397479363e-05
 3.2421236185047e-02	 6.5071321638118e-05	 3.9766436356198e-06	 6.0118644026330e-05
 3.2798227303477e-02	 6.5451373112835e-05	 3.9784867825697e-06	 6.0496852354097e-05
 3.3175218421908e-02	 6.5875863624826e-05	 3.9803341731718e-06	 6.0919495475487e-05
 3.3552209540339e-02	 6.6346282307530e-05	 3.9821857522022e-06	 6.1388062579160e-05
 3.3929200658770e-02	 6.6864134623674e-05	 3.9840414574630e-06	 6.1904059190043e-05
 3.4306191777201e-02	 6.7430942322205e-05	 3.9859012201168e-06	 6.2469007125920e-05
 3.4683182895631e-02	 6.8048243567977e-05	 3.9877649650384e-06	 6.3084444626771e-05
 3.5060174014062e-02	 6.8717592920029e-05	 3.9896326111835e-06	 6.3751926332678e-05
 3.5437165132493e-02	 6.9440561450651e-05	 3.9915040719721e-06	 6.4473023402511e-05
 3.5814156250924e-02	 7.0218736767652e-05	 3.9933792556850e-06	 6.5249323535799e-05
 3.6191147369354e-02	 7.1053723127009e-05	 3.9952580658726e-06	 6.6082431084968e-05
 3.6568138487785e-02	 7.1947141415306e-05	 3.9971404017731e-06	 6.6973967037365e-05
 3.6945129606216e-02	 7.2900629268506e-05	 3.9990261587397e-06	 6.7925569133598e-05
 3.7322120724647e-02	 7.3915841105691e-05	 4.0009152286742e-06	 6.8938891900849e-05
 3.7699111843078e-02	 7.4994448196120e-05	 4.0028075004657e-06	 7.0015606719487e-05
 3.8076102961508e-02	 7.6138138735492e-05	 4.0047028604328e-06	 7.1157401898891e-05
 3.8453094079939e-02	 7.7348617888582e-05	 4.0066011927675e-06	 7.2365982719647e-05
 3.8830085198370e-02	 7.8627607833094e-05	 4.0085023799788e-06	 7.3643071476948e-05
 3.9207076316801e-02	 7.9976847879787e-05	 4.0104063033356e-06	 7.4990407600284e-05
 3.9584067435231e-02	 8.1398094424618e-05	 4.0123128433056e-06	 7.6409747605144e-05
 3.9961058553662e-02	 8.2893121109046e-05	 4.0142218799898e-06	 7.7902865252888e-05
 4.0338049672093e-02	 8.4463718809252e-05	 4.0161332935505e-06	 7.9471551539534e-05
 4.0715040790524e-02	 8.6111695684076e-05	 4.0180469646324e-06	 8.1117614743276e-05
 4.1092031908954e-02	 8.7838877283338e-05	 4.0199627747733e-06	 8.2842880532397e-05
 4.1469023027385e-02	 8.9647106493842e-05	 4.0218806068055e-06	 8.4649191910868e-05
 4.1846014145816e-02	 9.1538243696970e-05	 4.0238003452441e-06	 8.6538409375558e-05
 4.2223005264247e-02	 9.3514166708221e-05	 4.0257218766632e-06	 8.8512410855390e-05
 4.2599996382678e-02	 9.5576770847069e-05	 4.0276450900573e-06	 9.0573091780843e-05
 4.2976987501108e-02	 9.7727969024238e-05	 4.0295698771874e-06	 9.2722365170883e-05
 4.3353978619539e-02	 9.9969691665878e-05	 4.0314961329109e-06	 9.4962161556800e-05
 4.3730969737970e-02	 1.0230388684388e-04	 4.0334237554930e-06	 9.7294429112216e-05
 4.4107960856401e-02	 1.0473252022375e-04	 4.0353526469018e-06	 9.9721133600683e-05
 4.4484951974831e-02	 1.0725757511023e-04	 4.0372827130819e-06	 1.0224425842098e-04
 4.4861943093262e-02	 1.0988105247402e-04	 4.0392138642098e-06	 1.0486580463365e-04
 4.5238934211693e-02	 1.1260497094375e-04	 4.0411460149286e-06	 1.0758779095266e-04
 4.5615925330124e-02	 1.1543136683268e-04	 4.0430790845607e-06	 1.1041225377195e-04
 4.5992916448555e-02	 1.1836229411171e-04	 4.0450129973005e-06	 1.1334124713824e-04
 4.6369907566985e-02	 1.2139982443265e-04	 4.0469476823833e-06	 1.1637684277410e-04
 4.6746898685416e-02	 1.2454604712858e-04	 4.0488830742341e-06	 1.1952113007818e-04
 4.7123889803847e-02	 1.2780306918645e-04	 4.0508191125922e-06	 1.2277621609769e-04
 4.7500880922278e-02	 1.3117301524959e-04	 4.0527557426145e-06	 1.2614422553081e-04
 4.7877872040708e-02	 1.3465802758778e-04	 4.0546929149552e-06	 1.2962730069666e-04
 4.8254863159139e-02	 1.3826026609599e-04	 4.0566305858240e-06	 1.3322760153400e-04
 4.8631854277570e-02	 1.4198190827075e-04	 4.0585687170210e-06	 1.3694730557756e-04
 4.9008845396001e-02	 1.4582514916168e-04	 4.0605072759500e-06	 1.4078860790956e-04
 4.9385836514432e-02	 1.4979220135164e-04	 4.0624462356092e-06	 1.4475372113987e-04
 4.9762827632862e-02	 1.5388529494441e-04	 4.0643855745613e-06	 1.4884487539368e-04
 5.0139818751293e-02	 1.5810667750162e-04	 4.0663252768811e-06	 1.5306431824857e-04
 5.0516809869724e-02	 1.6245861401476e-04	 4.0682653320840e-06	 1.5741431470651e-04
 5.0893800988155e-02	 1.6694338687806e-04	 4.0702057350331e-06	 1.6189714716686e-04
 5.1270792106585e-02	 1.7156329581459e-04	 4.0721464858276e-06	 1.6651511535259e-04
 5.1647783225016e-02	 1.7632065782027e-04	 4.0740875896720e-06	 1.7127053625443e-04
 5.2024774343447e-02	 1.8121780715705e-04	 4.0760290567281e-06	 1.7616574412416e-04
 5.2401765461878e-02	 1.8625709530902e-04	 4.0779709019484e-06	 1.8120309043090e-04
 5.2778756580309e-02	 1.9144089085830e-04	 4.0799131448951e-06	 1.8638494373724e-04
 5.3155747698739e-02	 1.9677157947466e-04	 4.0818558095419e-06	 1.9171368968895e-04
 5.3532738817170e-02	 2.0225156384824e-04	 4.0837989240626e-06	 1.9719173094801e-04
 5.3909729935601e-02	 2.0788326367876e-04	 4.0857425206060e-06	 2.0282148718198e-04
 5.4286721054032e-02	 2.1366911548322e-04	 4.0876866350578e-06	 2.0860539487200e-04
 5.4663712172462e-02	 2.1961157271382e-04	 4.0896313067923e-06	 2.1454590743086e-04
 5.5040703290893e-02	 2.2571310552772e-04	 4.0915765784132e-06	 2.2064549497314e-04
 5.5417694409324e-02	 2.3197620084374e-04	 4.0935224954855e-06	 2.2690664437208e-04
 5.5794685527755e-02	 2.3840336220565e-04	 4.0954691062596e-06	 2.3333185912322e-04
 5.6171676646185e-02	 2.4499710974003e-04	 4.0974164613889e-06	 2.3992365930248e-04
 5.6548667764616e-02	 2.5175998009348e-04	 4.0993646136414e-06	 2.4668458150368e-04
 5.6925658883047e-02	 2.5869452639301e-04	 4.1013136176076e-06	 2.5361717879924e-04
 5.7302650001478e-02	 2.6580331810764e-04	 4.1032635294051e-06	 2.6072402060207e-04
 5.7679641119909e-02	 2.7308894106398e-04	 4.1052144063807e-06	 2.6800769268143e-04
 5.8056632238339e-02	 2.8055399729560e-04	 4.1071663068130e-06	 2.7547079701262e-04
 5.8433623356770e-02	 2.8820110510417e-04	 4.1091192896144e-06	 2.8311595183839e-04
 5.8810614475201e-02	 2.9603289884093e-04	 4.1110734140358e-06	 2.9094579145073e-04
 5.9187605593632e-02	 3.0405202897951e-04	 4.1130287393727e-06	 2.9896296626397e-04
 5.9564596712062e-02	 3.1226116195032e-04	 4.1149853246770e-06	 3.0717014264947e-04
 5.9941587830493e-02	 3.2066298016265e-04	 4.1169432284730e-06	 3.1557000295801e-04
 6.0318578948924e-02	 3.2926018187379e-04	 4.1189025084791e-06	 3.2416524538914e-04
 6.0695570067355e-02	 3.3805548119213e-04	 4.1208632213377e-06	 3.3295858399462e-04
 6.1072561185786e-02	 3.4705160798580e-04	 4.1228254223531e-06	 3.4195274858728e-04
 6.1449552304216e-02	 3.5625130781590e-04	 4.1247891652379e-06	 3.5115048467449e-04
 6.1826543422647e-02	 3.6565734191735e-04	 4.1267545018705e-06	 3.6055455343931e-04
 6.2203534541078e-02	 3.7527248710878e-04	 4.1287214820628e-06	 3.7016773165055e-04
 6.2580525659509e-02	 3.8509953580606e-04	 4.1306901533404e-06	 3.7999281167655e-04
 6.2957516777939e-02	 3.9514129588763e-04	 4.1326605607344e-06	 3.9003260135073e-04
 6.3334507896370e-02	 4.0540059071974e-04	 4.1346327465879e-06	 4.0028992399699e-04
 6.3711499014801e-02	 4.1588025906257e-04	 4.1366067503747e-06	 4.1076761833603e-04
 6.4088490133232e-02	 4.2658315508160e-04	 4.1385826085343e-06	 4.2146853849689e-04
 6.4465481251663e-02	 4.3751214823810e-04	 4.1405603543203e-06	 4.3239555390762e-04
 6.4842472370093e-02	 4.4867012332901e-04	 4.1425400176654e-06	 4.4355154933517e-04
 6.5219463488524e-02	 4.6005998038359e-04	 4.1445216250616e-06	 4.5493942478236e-04
 6.5596454606955e-02	 4.7168463468318e-04	 4.1465051994571e-06	 4.6656209550755e-04
 6.5973445725386e-02	 4.8354701668452e-04	 4.1484907601690e-06	 4.7842249194818e-04
 6.6350436843816e-02	 4.9565007203642e-04	 4.1504783228134e-06	 4.9052355973744e-04
 6.6727427962247e-02	 5.0799676151416e-04	 4.1524678992513e-06	 5.0286825963874e-04
 6.7104419080678e-02	 5.2059006100801e-04	 4.1544594975520e-06	 5.1545956753429e-04
 6.7481410199109e-02	 5.3343296151935e-04	 4.1564531219729e-06	 5.2830047442121e-04
 6.7858401317540e-02	 5.4652846912200e-04	 4.1584487729560e-06	 5.4139398637287e-04
 6.8235392435970e-02	 5.5987960492941e-04	 4.1604464471411e-06	 5.5474312450610e-04
 6.8612383554401e-02	 5.7348940512651e-04	 4.1624461373944e-06	 5.6835092501295e-04
 6.8989374672832e-02	 5.8736092088876e-04	 4.1644478328547e-06	 5.8222043907974e-04
 6.9366365791263e-02	 6.0149721845410e-04	 4.1664515189936e-06	 5.9635473295894e-04
 6.9743356909693e-02	 6.1590137902846e-04	 4.1684571776918e-06	 6.1075688787460e-04
 7.0120348028124e-02	 6.3057649883348e-04	 4.1704647873301e-06	 6.2543000006998e-04
 7.0497339146555e-02	 6.4552568906699e-04	 4.1724743228944e-06	 6.4037718076793e-04
 7.0874330264986e-02	 6.6075207591731e-04	 4.1744857560950e-06	 6.5560155618505e-04
 7.1251321383416e-02	 6.7625880056186e-04	 4.1764990554977e-06	 6.7110626753020e-04
 7.1628312501847e-02	 6.9204901915274e-04	 4.1785141866692e-06	 6.8689447098991e-04
 7.2005303620278e-02	 7.0812590280591e-04	 4.1805311123326e-06	 7.0296933771741e-04
 7.2382294738709e-02	 7.2449263762564e-04	 4.1825497925346e-06	 7.1933405385693e-04
 7.2759285857140e-02	 7.4115242469573e-04	 4.1845701848231e-06	 7.3599182053474e-04
 7.3136276975570e-02	 7.5810848006727e-04	 4.1865922444336e-06	 7.5294585384666e-04
 7.3513268094001e-02	 7.7536403478386e-04	 4.1886159244848e-06	 7.7019938488321e-04
 7.3890259212432e-02	 7.9292233485659e-04	 4.1906411761818e-06	 7.8775565970424e-04
 7.4267250330863e-02	 8.1078664129881e-04	 4.1926679490253e-06	 8.0561793937362e-04
 7.4644241449293e-02	 8.2896023011197e-04	 4.1946961910286e-06	 8.2378949994477e-04
 7.5021232567724e-02	 8.4744639227448e-04	 4.1967258489372e-06	 8.4227363244938e-04
 7.5398223686155e-02	 8.6624843379680e-04	 4.1987568684551e-06	 8.6107364295218e-04
 7.5775214804586e-02	 8.8536967564595e-04	 4.2007891944718e-06	 8.8019285247531e-04
 7.6152205923017e-02	 9.0481345384165e-04	 4.2028227712938e-06	 8.9963459709419e-04
 7.6529197041447e-02	 9.2458311937418e-04	 4.2048575428756e-06	 9.1940222785514e-04
 7.6906188159878e-02	 9.4468203827967e-04	 4.2068934530525e-06	 9.3949911085045e-04
 7.7283179278309e-02	 9.6511359156328e-04	 4.2089304457720e-06	 9.5992862714134e-04
 7.7660170396740e-02	 9.8588117528224e-04	 4.2109684653240e-06	 9.8069417284075e-04
 7.8037161515170e-02	 1.0069882004818e-03	 4.2130074565696e-06	 1.0017991590491e-03
 7.8414152633601e-02	 1.0284380932446e-03	 4.2150473651649e-06	 1.0232470119033e-03
 7.8791143752032e-02	 1.0502342946429e-03	 4.2170881377827e-06	 1.0450411725289e-03
 7.9168134870463e-02	 1.0723802607623e-03	 4.2191297223285e-06	 1.0671850970638e-03
 7.9545125988894e-02	 1.0948794627020e-03	 4.2211720681504e-06	 1.0896822566577e-03
 7.9922117107324e-02	 1.1177353865345e-03	 4.2232151262443e-06	 1.1125361374321e-03
 8.0299108225755e-02	 1.1409515333569e-03	 4.2252588494497e-06	 1.1357502405313e-03
 8.0676099344186e-02	 1.1645314192040e-03	 4.2273031926399e-06	 1.1593280820352e-03
 8.1053090462617e-02	 1.1884785751030e-03	 4.2293481129024e-06	 1.1832731930139e-03
 8.1430081581047e-02	 1.2127965470215e-03	 4.2313935697109e-06	 1.2075891194756e-03
 8.1807072699478e-02	 1.2374888958668e-03	 4.2334395250871e-06	 1.2322794223656e-03
 8.2184063817909e-02	 1.2625591974666e-03	 4.2354859437532e-06	 1.2573476775467e-03
 8.2561054936340e-02	 1.2880110425476e-03	 4.2375327932729e-06	 1.2827974757782e-03
 8.2938046054771e-02	 1.3138480367057e-03	 4.2395800441821e-06	 1.3086324226853e-03
 8.3315037173201e-02	 1.3400738004141e-03	 4.2416276701072e-06	 1.3348561387678e-03
 8.3692028291632e-02	 1.3666919689252e-03	 4.2436756478732e-06	 1.3614722593012e-03
 8.4069019410063e-02	 1.3937061923299e-03	 4.2457239575974e-06	 1.3884844343961e-03
 8.4446010528494e-02	 1.4211201354477e-03	 4.2477725827733e-06	 1.4158963288887e-03
 8.4823001646924e-02	 1.4489374778537e-03	 4.2498215103402e-06	 1.4437116223672e-03
 8.5199992765355e-02	 1.4771619137961e-03	 4.2518707307406e-06	 1.4719340090892e-03
 8.5576983883786e-02	 1.5057971521848e-03	 4.2539202379657e-06	 1.5005671979706e-03
 8.5953975002217e-02	 1.5348469165321e-03	 4.2559700295865e-06	 1.5296149125263e-03
 8.6330966120648e-02	 1.5643149449152e-03	 4.2580201067736e-06	 1.5590808908322e-03
 8.6707957239078e-02	 1.5942049899294e-03	 4.2600704743040e-06	 1.5889688854789e-03
 8.7084948357509e-02	 1.6245208186658e-03	 4.2621211405540e-06	 1.6192826635490e-03
 8.7461939475940e-02	 1.6552662125722e-03	 4.2641721174819e-06	 1.6500260064786e-03
 8.7838930594371e-02	 1.6864449675189e-03	 4.2662234205961e-06	 1.6812027101222e-03
 8.8215921712801e-02	 1.7180608936497e-03	 4.2682750689133e-06	 1.7128165846046e-03
 8.8592912831232e-02	 1.7501178153689e-03	 4.2703270849029e-06	 1.7448714543078e-03
 8.8969903949663e-02	 1.7826195712721e-03	 4.2723794944218e-06	 1.7773711578015e-03
 8.9346895068094e-02	 1.8155700140285e-03	 4.2744323266371e-06	 1.8103195477257e-03
 8.9723886186524e-02	 1.8489730104547e-03	 4.2764856139384e-06	 1.8437204908646e-03
 9.0100877304955e-02	 1.8828324412848e-03	 4.2785393918401e-06	 1.8775778679168e-03
 9.0477868423386e-02	 1.9171522011986e-03	 4.2805936988736e-06	 1.9118955735236e-03
 9.0854859541817e-02	 1.9519361987236e-03	 4.2826485764706e-06	 1.9466775161709e-03
 9.1231850660248e-02	 1.9871883561860e-03	 4.2847040688376e-06	 1.9819276181410e-03
 9.1608841778678e-02	 2.0229126095771e-03	 4.2867602228223e-06	 2.0176498153781e-03
 9.1985832897109e-02	 2.0591129085577e-03	 4.2888170877719e-06	 2.0538480574938e-03
 9.2362824015540e-02	 2.0957932163261e-03	 4.2908747153852e-06	 2.0905263076345e-03
 9.2739815133971e-02	 2.1329575095365e-03	 4.2929331595584e-06	 2.1276885424008e-03
 9.3116806252401e-02	 2.1706097782810e-03	 4.2949924762239e-06	 2.1653387518286e-03
 9.3493797370832e-02	 2.2087540259060e-03	 4.2970527231855e-06	 2.2034809392066e-03
 9.3870788489263e-02	 2.2473942690564e-03	 4.2991139599485e-06	 2.2421191211203e-03
 9.4247779607694e-02	 2.2865345374913e-03	 4.3011762475456e-06	 2.2812573272676e-03
 9.4624770726125e-02	 2.3261788740419e-03	 4.3032396483607e-06	 2.3208996004174e-03
 9.5001761844555e-02	 2.3663313345411e-03	 4.3053042259493e-06	 2.3610499963390e-03
 9.5378752962986e-02	 2.4069959877246e-03	 4.3073700448575e-06	 2.4017125837036e-03
 9.5755744081417e-02	 2.4481769151380e-03	 4.3094371704395e-06	 2.4428914439913e-03
 9.6132735199848e-02	 2.4898782110556e-03	 4.3115056686755e-06	 2.4845906714107e-03
 9.6509726318278e-02	 2.5321039824407e-03	 4.3135756059879e-06	 2.5268143728585e-03
 9.6886717436709e-02	 2.5748583487801e-03	 4.3156470490607e-06	 2.5695666677549e-03
 9.7263708555140e-02	 2.6181454420980e-03	 4.3177200646574e-06	 2.6128516880571e-03
 9.7640699673571e-02	 2.6619694067764e-03	 4.3197947194436e-06	 2.6566735780807e-03
 9.8017690792002e-02	 2.7063343995440e-03	 4.3218710798097e-06	 2.7010364944881e-03
 9.8394681910432e-02	 2.7512445893499e-03	 4.3239492116981e-06	 2.7459446061621e-03
 9.8771673028863e-02	 2.7967041573324e-03	 4.3260291804335e-06	 2.7914020941758e-03
 9.9148664147294e-02	 2.8427172966601e-03	 4.3281110505573e-06	 2.8374131516333e-03
 9.9525655265725e-02	 2.8892882125356e-03	 4.3301948856660e-06	 2.8839819836738e-03
 9.9902646384155e-02	 2.9364211220468e-03	 4.3322807482555e-06	 2.9311128073224e-03
 1.0027963750259e-01	 2.9841202541624e-03	 4.3343686995698e-06	 2.9788098514867e-03
 1.0065662862102e-01	 3.0323898495589e-03	 4.3364587994568e-06	 3.0270773567833e-03
 1.0103361973945e-01	 3.0812341606399e-03	 4.3385511062282e-06	 3.0759195755575e-03
 1.0141061085788e-01	 3.1306574513878e-03	 4.3406456765282e-06	 3.1253407717351e-03
 1.0178760197631e-01	 3.1806639973389e-03	 4.3427425652072e-06	 3.1753452207975e-03
 1.0216459309474e-01	 3.2312580854785e-03	 4.3448418252033e-06	 3.2259372096771e-03
 1.0254158421317e-01	 3.2824440141868e-03	 4.3469435074312e-06	 3.2771210367032e-03
 1.0291857533160e-01	 3.3342260931419e-03	 4.3490476606784e-06	 3.3289010115051e-03
 1.0329556645003e-01	 3.3866086432998e-03	 4.3511543315089e-06	 3.3812814549922e-03
 1.0367255756846e-01	 3.4395959967734e-03	 4.3532635641753e-06	 3.4342666992331e-03
 1.0404954868689e-01	 3.4931924967956e-03	 4.3553754005382e-06	 3.4878610874189e-03
 1.0442653980532e-01	 3.5474024976472e-03	 4.3574898799945e-06	 3.5420689737911e-03
 1.0480353092376e-01	 3.6022303645550e-03	 4.3596070394131e-06	 3.5968947235394e-03
 1.0518052204219e-01	 3.6576804737287e-03	 4.3617269130795e-06	 3.6523427128394e-03
 1.0555751316062e-01	 3.7137572121502e-03	 4.3638495326477e-06	 3.7084173286414e-03
 1.0593450427905e-01	 3.7704649776590e-03	 4.3659749271013e-06	 3.7651229687558e-03
 1.0631149539748e-01	 3.8278081787713e-03	 4.3681031227224e-06	 3.8224640416724e-03
 1.0668848651591e-01	 3.8857912347116e-03	 4.3702341430683e-06	 3.8804449665923e-03
 1.0706547763434e-01	 3.9444185752883e-03	 4.3723680089567e-06	 3.9390701733032e-03
 1.0744246875277e-01	 4.0036946408575e-03	 4.3745047384585e-06	 3.9983441021428e-03
 1.0781945987120e-01	 4.0636238823141e-03	 4.3766443468989e-06	 4.0582712039910e-03
 1.0819645098963e-01	 4.1242107609238e-03	 4.3787868468655e-06	 4.1188559401008e-03
 1.0857344210806e-01	 4.1854597483916e-03	 4.3809322482242e-06	 4.1801027821672e-03
 1.0895043322649e-01	 4.2473753266815e-03	 4.3830805581430e-06	 4.2420162121471e-03
 1.0932742434492e-01	 4.3099619881050e-03	 4.3852317811214e-06	 4.3046007223477e-03
 1.0970441546336e-01	 4.3732242351367e-03	 4.3873859190285e-06	 4.3678608152415e-03
 1.1008140658179e-01	 4.4371665804204e-03	 4.3895429711460e-06	 4.4318010034731e-03
 1.1045839770022e-01	 4.5017935467183e-03	 4.3917029342193e-06	 4.4964258098079e-03
 1.1083538881865e-01	 4.5671096668090e-03	 4.3938658025132e-06	 4.5617397670303e-03
 1.1121237993708e-01	 4.6331194835321e-03	 4.3960315678740e-06	 4.6277474179881e-03
 1.1158937105551e-01	 4.6998275496049e-03	 4.3982002197975e-06	 4.6944533154090e-03
 1.1196636217394e-01	 4.7672384276841e-03	 4.4003717455016e-06	 4.7618620219624e-03
 1.1234335329237e-01	 4.8353566902289e-03	 4.4025461300043e-06	 4.8299781101228e-03
 1.1272034441080e-01	 4.9041869195112e-03	 4.4047233562058e-06	 4.8988061621789e-03
 1.1309733552923e-01	 4.9737337075068e-03	 4.4069034049749e-06	 4.9683507701257e-03
 1.1347432664766e-01	 5.0440016558613e-03	 4.4090862552402e-06	 5.0386165356299e-03
 1.1385131776609e-01	 5.1149953758683e-03	 4.4112718840828e-06	 5.1096080700080e-03
 1.1422830888452e-01	 5.1867194883442e-03	 4.4134602668349e-06	 5.1813299941011e-03
 1.1460530000296e-01	 5.2591786236155e-03	 4.4156513771786e-06	 5.2537869382622e-03
 1.1498229112139e-01	 5.3323774214818e-03	 4.4178451872489e-06	 5.3269835423184e-03
 1.1535928223982e-01	 5.4063205311080e-03	 4.4200416677384e-06	 5.4009244554641e-03
 1.1573627335825e-01	 5.4810126109901e-03	 4.4222407880035e-06	 5.4756143362259e-03
 1.1611326447668e-01	 5.5564583289067e-03	 4.4244425161716e-06	 5.5510578524144e-03
 1.1649025559511e-01	 5.6326623618267e-03	 4.4266468192510e-06	 5.6272596810313e-03
 1.1686724671354e-01	 5.7096293958733e-03	 4.4288536632392e-06	 5.7042245082339e-03
 1.1724423783197e-01	 5.7873641262606e-03	 4.4310630132337e-06	 5.7819570292712e-03
 1.1762122895040e-01	 5.8658712572276e-03	 4.4332748335411e-06	 5.8604619484179e-03
 1.1799822006883e-01	 5.9451555019480e-03	 4.4354890877873e-06	 5.9397439788841e-03
 1.1837521118726e-01	 6.0252215824905e-03	 4.4377057390262e-06	 6.0198078427753e-03
 1.1875220230569e-01	 6.1060742297752e-03	 4.4399247498474e-06	 6.1006582710492e-03
 1.1912919342412e-01	 6.1877181834391e-03	 4.4421460824837e-06	 6.1823000033805e-03
 1.1950618454256e-01	 6.2701581918212e-03	 4.4443696989155e-06	 6.2647377881461e-03
 1.1988317566099e-01	 6.3533990118711e-03	 4.4465955609749e-06	 6.3479763823340e-03
 1.2026016677942e-01	 6.4374454090822e-03	 4.4488236304471e-06	 6.4320205514756e-03
 1.2063715789785e-01	 6.5223021574098e-03	 4.4510538691692e-06	 6.5168750695644e-03
 1.2101414901628e-01	 6.6079740392189e-03	 4.4532862391265e-06	 6.6025447190036e-03
 1.2139114013471e-01	 6.6944658451767e-03	 4.4555207025473e-06	 6.6890342904979e-03
 1.2176813125314e-01	 6.7817823741692e-03	 4.4577572219927e-06	 6.7763485829710e-03
 1.2214512237157e-01	 6.8699284332941e-03	 4.4599957604445e-06	 6.8644924035575e-03
 1.2252211349000e-01	 6.9589088377159e-03	 4.4622362813900e-06	 6.9534705674583e-03
 1.2289910460843e-01	 7.0487284105675e-03	 4.4644787489022e-06	 7.0432878978425e-03
 1.2327609572686e-01	 7.1393919829368e-03	 4.4667231277172e-06	 7.1339492258329e-03
 1.2365308684529e-01	 7.2309043937275e-03	 4.4689693833075e-06	 7.2254593903680e-03
 1.2403007796373e-01	 7.3232704896208e-03	 4.4712174819512e-06	 7.3178232381627e-03
 1.2440706908216e-01	 7.4164951249349e-03	 4.4734673907980e-06	 7.4110456235680e-03
 1.2478406020059e-01	 7.5105831615786e-03	 4.4757190779302e-06	 7.5051314085245e-03
 1.2516105131902e-01	 7.6055394689460e-03	 4.4779725124195e-06	 7.6000854624574e-03
 1.2553804243745e-01	 7.7013689238478e-03	 4.4802276643806e-06	 7.6959126622073e-03
 1.2591503355588e-01	 7.7980764103819e-03	 4.4824845050196e-06	 7.7926178919007e-03
 1.2629202467431e-01	 7.8956668198943e-03	 4.4847430066782e-06	 7.8902060429115e-03
 1.2666901579274e-01	 7.9941450508452e-03	 4.4870031428739e-06	 7.9886820137262e-03
 1.2704600691117e-01	 8.0935160087231e-03	 4.4892648883359e-06	 8.0880507098586e-03
 1.2742299802960e-01	 8.1937846059579e-03	 4.4915282190363e-06	 8.1883170437627e-03
 1.2779998914803e-01	 8.2949557618527e-03	 4.4937931122171e-06	 8.2894859347643e-03
 1.2817698026646e-01	 8.3970344024201e-03	 4.4960595464136e-06	 8.3915623088975e-03
 1.2855397138489e-01	 8.5000254603594e-03	 4.4983275014727e-06	 8.4945510988818e-03
 1.2893096250333e-01	 8.6039338749029e-03	 4.5005969585676e-06	 8.5984572439681e-03
 1.2930795362176e-01	 8.7087645917670e-03	 4.5028679002083e-06	 8.7032856898906e-03
 1.2968494474019e-01	 8.8145225629797e-03	 4.5051403102482e-06	 8.8090413886933e-03
 1.3006193585862e-01	 8.9212127468874e-03	 4.5074141738864e-06	 8.9157292987373e-03
 1.3043892697705e-01	 9.0288401079448e-03	 4.5096894776667e-06	 9.0233543844910e-03
 1.3081591809548e-01	 9.1374096166931e-03	 4.5119662094734e-06	 9.1319216165074e-03
 1.3119290921391e-01	 9.2469262496244e-03	 4.5142443585216e-06	 9.2414359712897e-03
 1.3156990033234e-01	 9.3573949890682e-03	 4.5165239153466e-06	 9.3519024311767e-03
 1.3194689145077e-01	 9.4688208231335e-03	 4.5188048717879e-06	 9.4633259842856e-03
 1.3232388256920e-01	 9.5812087455332e-03	 4.5210872209717e-06	 9.5757116243360e-03
 1.3270087368763e-01	 9.6945637555644e-03	 4.5233709572891e-06	 9.6890643506310e-03
 1.3307786480606e-01	 9.8088908579449e-03	 4.5256560763724e-06	 9.8033891678924e-03
 1.3345485592449e-01	 9.9241950627261e-03	 4.5279425750681e-06	 9.9186910861748e-03
 1.3383184704293e-01	 1.0040481385190e-02	 4.5302304514079e-06	 1.0034975120762e-02
 1.3420883816136e-01	 1.0157754845730e-02	 4.5325197045771e-06	 1.0152246292049e-02
 1.3458582927979e-01	 1.0276020469795e-02	 4.5348103348807e-06	 1.0270509625484e-02
 1.3496282039822e-01	 1.0395283287687e-02	 4.5371023437082e-06	 1.0389770151367e-02
 1.3533981151665e-01	 1.0515548334542e-02	 4.5393957334958e-06	 1.0510032904833e-02
 1.3571680263508e-01	 1.0636820650202e-02	 4.5416905076875e-06	 1.0631302925718e-02
 1.3609379375351e-01	 1.0759105279063e-02	 4.5439866706946e-06	 1.0753585258416e-02
 1.3647078487194e-01	 1.0882407270032e-02	 4.5462842278540e-06	 1.0876884951828e-02
 1.3684777599037e-01	 1.1006731676374e-02	 4.5485831853857e-06	 1.1001207059212e-02
 1.3722476710880e-01	 1.1132083555606e-02	 4.5508835503489e-06	 1.1126556638080e-02
 1.3760175822723e-01	 1.1258467969418e-02	 4.5531853305976e-06	 1.1252938750111e-02
 1.3797874934566e-01	 1.1385889983523e-02	 4.5554885347364e-06	 1.1380358461012e-02
 1.3835574046409e-01	 1.1514354667592e-02	 4.5577931720744e-06	 1.1508820840444e-02
 1.3873273158253e-01	 1.1643867095103e-02	 4.5600992525804e-06	 1.1638330961875e-02
 1.3910972270096e-01	 1.1774432343237e-02	 4.5624067868373e-06	 1.1768893902474e-02
 1.3948671381939e-01	 1.1906055492820e-02	 4.5647157859969e-06	 1.1900514743057e-02
 1.3986370493782e-01	 1.2038741628091e-02	 4.5670262617348e-06	 1.2033198567853e-02
 1.4024069605625e-01	 1.2172495836762e-02	 4.5693382262053e-06	 1.2166950464560e-02
 1.4061768717468e-01	 1.2307323209753e-02	 4.5716516919977e-06	 1.2301775524085e-02
 1.4099467829311e-01	 1.2443228841163e-02	 4.5739666720930e-06	 1.2437678840514e-02
 1.4137166941154e-01	 1.2580217828115e-02	 4.5762831798204e-06	 1.2574665510959e-02
 1.4174866052997e-01	 1.2718295270703e-02	 4.5786012288160e-06	 1.2712740635498e-02
 1.4212565164840e-01	 1.2857466271798e-02	 4.5809208329818e-06	 1.2851909316989e-02
 1.4250264276683e-01	 1.2997735936994e-02	 4.5832420064456e-06	 1.2992176661012e-02
 1.4287963388526e-01	 1.3139109374486e-02	 4.5855647635222e-06	 1.3133547775746e-02
 1.4325662500369e-01	 1.3281591694927e-02	 4.5878891186761e-06	 1.3276027771832e-02
 1.4363361612213e-01	 1.3425188011366e-02	 4.5902150864849e-06	 1.3419621762304e-02
 1.4401060724056e-01	 1.3569903439067e-02	 4.5925426816046e-06	 1.3564334862409e-02
 1.4438759835899e-01	 1.3715743095426e-02	 4.5948719187355e-06	 1.3710172189532e-02
 1.4476458947742e-01	 1.3862712099912e-02	 4.5972028125902e-06	 1.3857138863124e-02
 1.4514158059585e-01	 1.4010815573849e-02	 4.5995353778627e-06	 1.4005240004495e-02
 1.4551857171428e-01	 1.4160058640360e-02	 4.6018696291988e-06	 1.4154480736755e-02
 1.4589556283271e-01	 1.4310446424242e-02	 4.6042055811687e-06	 1.4304866184685e-02
 1.4627255395114e-01	 1.4461984051858e-02	 4.6065432482397e-06	 1.4456401474633e-02
 1.4664954506957e-01	 1.4614676651003e-02	 4.6088826447515e-06	 1.4609091734382e-02
 1.4702653618800e-01	 1.4768529350785e-02	 4.6112237848934e-06	 1.4762942093024e-02
 1.4740352730643e-01	 1.4923547281538e-02	 4.6135666826807e-06	 1.4917957680879e-02
 1.4778051842486e-01	 1.5079735574647e-02	 4.6159113519356e-06	 1.5074143629319e-02
 1.4815750954329e-01	 1.5237099362518e-02	 4.6182578062668e-06	 1.5231505070736e-02
 1.4853450066173e-01	 1.5395643778372e-02	 4.6206060590524e-06	 1.5390047138337e-02
 1.4891149178016e-01	 1.5555373956156e-02	 4.6229561234236e-06	 1.5549774966056e-02
 1.4928848289859e-01	 1.5716295030445e-02	 4.6253080122493e-06	 1.5710693688456e-02
 1.4966547401702e-01	 1.5878412136315e-02	 4.6276617381225e-06	 1.5872808440600e-02
 1.5004246513545e-01	 1.6041730409190e-02	 4.6300173133484e-06	 1.6036124357900e-02
 1.5041945625388e-01	 1.6206254984776e-02	 4.6323747499328e-06	 1.6200646576050e-02
 1.5079644737231e-01	 1.6371990998876e-02	 4.6347340595728e-06	 1.6366380230840e-02
 1.5117343849074e-01	 1.6538943587336e-02	 4.6370952536481e-06	 1.6533330458106e-02
 1.5155042960917e-01	 1.6707117885885e-02	 4.6394583432134e-06	 1.6701502393565e-02
 1.5192742072760e-01	 1.6876519030002e-02	 4.6418233389926e-06	 1.6870901172687e-02
 1.5230441184603e-01	 1.7047152154838e-02	 4.6441902513739e-06	 1.7041531930610e-02
 1.5268140296446e-01	 1.7219022395057e-02	 4.6465590904051e-06	 1.7213399801990e-02
 1.5305839408289e-01	 1.7392134884718e-02	 4.6489298657914e-06	 1.7386509920876e-02
 1.5343538520133e-01	 1.7566494757162e-02	 4.6513025868935e-06	 1.7560867420599e-02
 1.5381237631976e-01	 1.7742107144899e-02	 4.6536772627265e-06	 1.7736477433660e-02
 1.5418936743819e-01	 1.7918977179450e-02	 4.6560539019602e-06	 1.7913345091571e-02
 1.5456635855662e-01	 1.8097109991261e-02	 4.6584325129200e-06	 1.8091475524772e-02
 1.5494334967505e-01	 1.8276510709553e-02	 4.6608131035893e-06	 1.8270873862473e-02
 1.5532034079348e-01	 1.8457184462203e-02	 4.6631956816118e-06	 1.8451545232545e-02
 1.5569733191191e-01	 1.8639136375628e-02	 4.6655802542958e-06	 1.8633494761398e-02
 1.5607432303034e-01	 1.8822371574647e-02	 4.6679668286181e-06	 1.8816727573843e-02
 1.5645131414877e-01	 1.9006895182352e-02	 4.6703554112300e-06	 1.9001248792964e-02
 1.5682830526720e-01	 1.9192712320018e-02	 4.6727460084630e-06	 1.9187063540033e-02
 1.5720529638563e-01	 1.9379828106942e-02	 4.6751386263356e-06	 1.9374176934340e-02
 1.5758228750406e-01	 1.9568247660296e-02	 4.6775332705612e-06	 1.9562594093049e-02
 1.5795927862249e-01	 1.9757976095042e-02	 4.6799299465562e-06	 1.9752320131120e-02
 1.5833626974093e-01	 1.9949018523814e-02	 4.6823286594485e-06	 1.9943360161179e-02
 1.5871326085936e-01	 2.0141380056715e-02	 4.6847294140879e-06	 2.0135719293325e-02
 1.5909025197779e-01	 2.0335065801294e-02	 4.6871322150555e-06	 2.0329402635103e-02
 1.5946724309622e-01	 2.0530080862321e-02	 4.6895370666746e-06	 2.0524415291279e-02
 1.5984423421465e-01	 2.0726430341710e-02	 4.6919439730224e-06	 2.0720762363761e-02
 1.6022122533308e-01	 2.0924119338397e-02	 4.6943529379412e-06	 2.0918448951483e-02
 1.6059821645151e-01	 2.1123152948160e-02	 4.6967639650511e-06	 2.1117480150218e-02
 1.6097520756994e-01	 2.1323536263533e-02	 4.6991770577627e-06	 2.1317861052500e-02
 1.6135219868837e-01	 2.1525274373678e-02	 4.7015922192901e-06	 2.1519596747483e-02
 1.6172918980680e-01	 2.1728372364196e-02	 4.7040094526649e-06	 2.1722692320767e-02
 1.6210618092523e-01	 2.1932835317089e-02	 4.7064287607494e-06	 2.1927152854352e-02
 1.6248317204366e-01	 2.2138668310524e-02	 4.7088501462516e-06	 2.2132983426401e-02
 1.6286016316209e-01	 2.2345876418807e-02	 4.7112736117395e-06	 2.2340189111219e-02
 1.6323715428053e-01	 2.2554464712135e-02	 4.7136991596557e-06	 2.2548774978999e-02
 1.6361414539896e-01	 2.2764438256574e-02	 4.7161267923325e-06	 2.2758746095805e-02
 1.6399113651739e-01	 2.2975802113834e-02	 4.7185565120069e-06	 2.2970107523345e-02
 1.6436812763582e-01	 2.3188561341211e-02	 4.7209883208361e-06	 2.3182864318914e-02
 1.6474511875425e-01	 2.3402720991387e-02	 4.7234222209125e-06	 2.3397021535190e-02
 1.6512210987268e-01	 2.3618286112340e-02	 4.7258582142791e-06	 2.3612584220149e-02
 1.6549910099111e-01	 2.3835261747180e-02	 4.7282963029443e-06	 2.3829557416900e-02
 1.6587609210954e-01	 2.4053652934037e-02	 4.7307364888979e-06	 2.4047946163572e-02
 1.6625308322797e-01	 2.4273464705919e-02	 4.7331787741246e-06	 2.4267755493168e-02
 1.6663007434640e-01	 2.4494702090540e-02	 4.7356231606200e-06	 2.4488990433403e-02
 1.6700706546483e-01	 2.4717370110244e-02	 4.7380696504041e-06	 2.4711656006617e-02
 1.6738405658326e-01	 2.4941473781816e-02	 4.7405182455355e-06	 2.4935757229595e-02
 1.6776104770169e-01	 2.5167018116352e-02	 4.7429689481252e-06	 2.5161299113427e-02
 1.6813803882013e-01	 2.5394008119160e-02	 4.7454217603489e-06	 2.5388286663423e-02
 1.6851502993856e-01	 2.5622448789571e-02	 4.7478766844600e-06	 2.5616724878910e-02
 1.6889202105699e-01	 2.5852345120836e-02	 4.7503337228016e-06	 2.5846618753137e-02
 1.6926901217542e-01	 2.6083702099952e-02	 4.7527928778168e-06	 2.6077973273098e-02
 1.6964600329385e-01	 2.6316524707529e-02	 4.7552541520598e-06	 2.6310793419400e-02
 1.7002299441228e-01	 2.6550817917696e-02	 4.7577175482047e-06	 2.6545084166172e-02
 1.7039998553071e-01	 2.6786586697900e-02	 4.7601830690542e-06	 2.6780850480855e-02
 1.7077697664914e-01	 2.7023836008781e-02	 4.7626507175478e-06	 2.7018097324088e-02
 1.7115396776757e-01	 2.7262570804031e-02	 4.7651204967672e-06	 2.7256829649558e-02
 1.7153095888600e-01	 2.7502796030306e-02	 4.7675924099427e-06	 2.7497052403920e-02
 1.7190795000443e-01	 2.7744516626957e-02	 4.7700664604569e-06	 2.7738770526521e-02
 1.7228494112286e-01	 2.7987737526024e-02	 4.7725426518478e-06	 2.7981988949396e-02
 1.7266193224130e-01	 2.8232463651989e-02	 4.7750209878111e-06	 2.8226712597025e-02
 1.7303892335973e-01	 2.8478699921693e-02	 4.7775014722003e-06	 2.8472946386245e-02
 1.7341591447816e-01	 2.8726451244175e-02	 4.7799841090259e-06	 2.8720695226089e-02
 1.7379290559659e-01	 2.8975722520499e-02	 4.7824689024536e-06	 2.8969964017620e-02
 1.7416989671502e-01	 2.9226518643657e-02	 4.7849558568006e-06	 2.9220757653824e-02
 1.7454688783345e-01	 2.9478844498387e-02	 4.7874449765307e-06	 2.9473081019434e-02
 1.7492387895188e-01	 2.9732704961040e-02	 4.7899362662480e-06	 2.9726938990797e-02
 1.7530087007031e-01	 2.9988104899437e-02	 4.7924297306895e-06	 2.9982336435730e-02
 1.7567786118874e-01	 3.0245049172689e-02	 4.7949253747157e-06	 3.0239278213338e-02
 1.7605485230717e-01	 3.0503542631127e-02	 4.7974232033001e-06	 3.0497769173947e-02
 1.7643184342560e-01	 3.0763590116047e-02	 4.7999232215182e-06	 3.0757814158849e-02
 1.7680883454403e-01	 3.1025196459661e-02	 4.8024254345332e-06	 3.1019418000250e-02
 1.7718582566246e-01	 3.1288366484909e-02	 4.8049298475823e-06	 3.1282585521086e-02
 1.7756281678090e-01	 3.1553105005266e-02	 4.8074364659614e-06	 3.1547321534824e-02
 1.7793980789933e-01	 3.1819416824685e-02	 4.8099452950075e-06	 3.1813630845414e-02
 1.7831679901776e-01	 3.2087306737390e-02	 4.8124563400813e-06	 3.2081518247074e-02
 1.7869379013619e-01	 3.2356779527698e-02	 4.8149696065483e-06	 3.2350988524115e-02
 1.7907078125462e-01	 3.2627839969949e-02	 4.8174850997584e-06	 3.2622046450873e-02
 1.7944777237305e-01	 3.2900492828316e-02	 4.8200028250258e-06	 3.2894696791514e-02
 1.7982476349148e-01	 3.3174742856621e-02	 4.8225227876070e-06	 3.3168944299857e-02
 1.8020175460991e-01	 3.3450594798252e-02	 4.8250449926787e-06	 3.3444793719283e-02
 1.8057874572834e-01	 3.3728053385969e-02	 4.8275694453152e-06	 3.3722249782548e-02
 1.8095573684677e-01	 3.4007123341756e-02	 4.8300961504649e-06	 3.4001317211629e-02
 1.8133272796520e-01	 3.4287809376698e-02	 4.8326251129269e-06	 3.4282000717609e-02
 1.8170971908363e-01	 3.4570116190783e-02	 4.8351563373277e-06	 3.4564305000470e-02
 1.8208671020206e-01	 3.4854048472810e-02	 4.8376898280967e-06	 3.4848234749005e-02
 1.8246370132050e-01	 3.5139610900192e-02	 4.8402255894432e-06	 3.5133794640626e-02
 1.8284069243893e-01	 3.5426808138827e-02	 4.8427636253323e-06	 3.5420989341225e-02
 1.8321768355736e-01	 3.5715644842934e-02	 4.8453039394625e-06	 3.5709823505018e-02
 1.8359467467579e-01	 3.6006125654932e-02	 4.8478465352425e-06	 3.6000301774421e-02
 1.8397166579422e-01	 3.6298255205238e-02	 4.8503914157695e-06	 3.6292428779847e-02
 1.8434865691265e-01	 3.6592038112173e-02	 4.8529385838084e-06	 3.6586209139613e-02
 1.8472564803108e-01	 3.6887478981759e-02	 4.8554880417706e-06	 3.6881647459741e-02
 1.8510263914951e-01	 3.7184582407612e-02	 4.8580397916961e-06	 3.7178748333844e-02
 1.8547963026794e-01	 3.7483352970745e-02	 4.8605938352348e-06	 3.7477516342934e-02
 1.8585662138637e-01	 3.7783795239498e-02	 4.8631501736298e-06	 3.7777956055349e-02
 1.8623361250480e-01	 3.8085913769275e-02	 4.8657088077030e-06	 3.8080072026491e-02
 1.8661060362323e-01	 3.8389713102472e-02	 4.8682697378409e-06	 3.8383868798758e-02
 1.8698759474166e-01	 3.8695197768307e-02	 4.8708329639835e-06	 3.8689350901367e-02
 1.8736458586010e-01	 3.9002372282678e-02	 4.8733984856137e-06	 3.8996522850216e-02
 1.8774157697853e-01	 3.9311241147981e-02	 4.8759663017495e-06	 3.9305389147704e-02
 1.8811856809696e-01	 3.9621808852984e-02	 4.8785364109384e-06	 3.9615954282597e-02
 1.8849555921539e-01	 3.9934079872698e-02	 4.8811088112530e-06	 3.9928222729910e-02
