 0.0000000000000e+00
 0.0000000000000e+00
-7.9650119949555e-03
 4.3076612392347e-03
 3.2480216468700e-03
-2.5699969310159e-02
-2.4191409914225e-02
 5.1981773198504e-03
 3.4510823633998e-03
-9.1504703542685e-03
 0.0000000000000e+00
 0.0000000000000e+00
 0.0000000000000e+00
 0.0000000000000e+00
-4.4814987109612e-03
 2.8237106009391e-03
 2.2951476524330e-03
-1.8858028482841e-02
-1.6339011990287e-02
 5.3694629413187e-05
 3.6812271691490e-03
-5.6733799713240e-03
 0.0000000000000e+00
 0.0000000000000e+00
 0.0000000000000e+00
 0.0000000000000e+00
 1.4266611977411e-02
-2.0955762709100e-03
-3.3452496585545e-02
-3.0267627408695e-03
-1.6135751599865e-03
-2.9529887703414e-02
-3.0946690013774e-03
 1.1970651445600e-02
 0.0000000000000e+00
 0.0000000000000e+00
 0.0000000000000e+00
 0.0000000000000e+00
-1.1779033283572e-02
 1.3185253748295e-05
 3.1128333678698e-02
 8.7693513743750e-04
 2.5196128851305e-03
 3.2073327429200e-02
 1.8973138541037e-03
-1.3261569279487e-02
 0.0000000000000e+00
 0.0000000000000e+00
