 0.0000000000000e+00
 0.0000000000000e+00
 9.0370608329996e-03
 1.1812979328048e-02
 6.1400128632359e-03
 4.0629836651866e-03
 1.0146217360311e-02
 1.3046691963086e-02
 8.0212064817318e-03
 5.7239168814702e-03
 0.0000000000000e+00
 0.0000000000000e+00
 0.0000000000000e+00
 0.0000000000000e+00
-4.3829951512913e-03
-5.0015976566922e-03
-6.2276805198507e-03
-4.0469944278466e-03
-1.1120695452881e-03
-2.1265377458994e-03
-6.1098330535456e-03
-4.6702633406937e-03
 0.0000000000000e+00
 0.0000000000000e+00
 0.0000000000000e+00
 0.0000000000000e+00
 7.2214240579814e-03
 4.5299005502598e-03
 6.3360126146755e-03
 7.7527680906504e-03
 8.6588997476351e-03
 4.7460258382709e-03
 4.4803889557137e-03
 6.6021578088885e-03
 0.0000000000000e+00
 0.0000000000000e+00
 0.0000000000000e+00
 0.0000000000000e+00
 2.4340820690223e-03
 1.3479582324259e-03
-1.3228380113713e-03
 3.2340403863088e-03
 4.1917027573262e-03
 1.4454603922319e-03
-1.7890952579210e-03
 1.6694511045816e-03
 0.0000000000000e+00
 0.0000000000000e+00
