 0.0000000000000e+00
 0.0000000000000e+00
-9.4786777721259e-03
 8.3304897292533e-03
 3.8755781622102e-03
-2.7667846141658e-02
-2.8334016868437e-02
 2.4881078670924e-03
 9.1956685668415e-03
-9.1208049378208e-03
 0.0000000000000e+00
 0.0000000000000e+00
 0.0000000000000e+00
 0.0000000000000e+00
-3.5091360621457e-04
-3.3483051732281e-04
-1.6176870090694e-03
-9.0628931506272e-03
-1.2530559621131e-02
-1.1160198510833e-03
 1.7706524125868e-03
-2.2925708156804e-03
 0.0000000000000e+00
 0.0000000000000e+00
 0.0000000000000e+00
 0.0000000000000e+00
 9.4988213323504e-03
-1.2192202088449e-02
-3.7676305881447e-02
 1.9004003452731e-03
 5.5324006235237e-03
-3.7099886625807e-02
-8.9772470760109e-03
 7.2295758429609e-03
 0.0000000000000e+00
 0.0000000000000e+00
 0.0000000000000e+00
 0.0000000000000e+00
-9.1158287551355e-03
 3.9493744611131e-03
 1.7796320548007e-02
-6.7655438929707e-03
-3.5684873315623e-03
 2.2886942267612e-02
 6.6331034188378e-03
-1.0073309260565e-02
 0.0000000000000e+00
 0.0000000000000e+00
