 0.0000000000000e+00
 0.0000000000000e+00
-4.9294108420747e-04
-2.2329148047784e-02
-1.0705905818535e-02
-1.8029206594466e-03
-5.0318210678926e-03
-1.8144730043816e-02
-2.0464372385011e-02
-1.1057549208156e-02
 0.0000000000000e+00
 0.0000000000000e+00
 0.0000000000000e+00
 0.0000000000000e+00
-6.6945404333549e-03
-3.0762359504094e-02
-1.7223472083266e-02
 1.6085192906422e-03
-6.3860427651939e-03
-2.3028483057181e-02
-3.1104072464461e-02
-1.2547471211779e-02
 0.0000000000000e+00
 0.0000000000000e+00
 0.0000000000000e+00
 0.0000000000000e+00
-1.4441630581246e-02
-8.3852191460196e-03
-1.7102850880044e-02
-9.1059762457868e-03
 3.9317868199840e-03
-1.6320245830054e-02
-6.5474506520343e-03
-7.2082218395147e-03
 0.0000000000000e+00
 0.0000000000000e+00
 0.0000000000000e+00
 0.0000000000000e+00
 3.6326560958715e-02
 1.1012641986118e-02
 3.7108937467887e-02
 4.0790220914713e-03
 9.1500266766134e-03
 3.6072627311370e-02
 1.7635795851513e-02
 3.1338960039428e-02
 0.0000000000000e+00
 0.0000000000000e+00
