 0.0000000000000e+00
 0.0000000000000e+00
-3.1234644452554e-03
 3.6777888408646e-03
 1.3822073963509e-03
-1.8124713130424e-02
-1.6110260285550e-02
 6.6988844913477e-04
 2.7569386064485e-03
-1.5454349177340e-03
 0.0000000000000e+00
 0.0000000000000e+00
 0.0000000000000e+00
 0.0000000000000e+00
-2.4853447743760e-03
 3.6327162051201e-03
 9.6464522167842e-04
-2.2096259202724e-02
-2.1137006536809e-02
-1.1684039975283e-03
 5.1896913361990e-03
-2.9762020169240e-03
 0.0000000000000e+00
 0.0000000000000e+00
 0.0000000000000e+00
 0.0000000000000e+00
 4.2101382826846e-03
-6.2850273033325e-03
-2.0853651915100e-02
 9.5792905659238e-04
 3.3527168151001e-03
-1.6483459471182e-02
-5.4479571204298e-03
 4.6398966323114e-03
 0.0000000000000e+00
 0.0000000000000e+00
 0.0000000000000e+00
 0.0000000000000e+00
-9.2679275784709e-03
 1.0596959787302e-02
 3.4791209730951e-02
-5.8793215976699e-03
-3.3921596784072e-03
 3.6214878225360e-02
 1.1567655259586e-02
-9.2378600779698e-03
 0.0000000000000e+00
 0.0000000000000e+00
