 0.0000000000000e+00
 0.0000000000000e+00
-2.5601154162021e-03
 2.6253422499573e-03
 7.4145638034276e-04
 1.8840945589763e-03
 1.3525577681898e-03
 2.4039990873754e-03
 2.1162801723048e-03
-1.7741191510930e-03
 0.0000000000000e+00
 0.0000000000000e+00
 0.0000000000000e+00
 0.0000000000000e+00
-7.5744894393508e-03
 8.3868684038424e-03
 5.5247344844347e-04
-2.9151790843451e-02
-2.8931270883644e-02
 2.4780709915263e-03
 7.8671569041822e-03
-8.4048608994953e-03
 0.0000000000000e+00
 0.0000000000000e+00
 0.0000000000000e+00
 0.0000000000000e+00
-5.9354977429377e-03
 8.2952967659243e-04
 5.0178596058653e-03
-4.4790630113453e-03
-1.6667381690572e-03
 9.0574753404029e-03
 3.4038774842946e-03
-6.7966022885021e-03
 0.0000000000000e+00
 0.0000000000000e+00
 0.0000000000000e+00
 0.0000000000000e+00
-1.5109908098961e-02
 1.6230387268055e-02
 3.7677865384554e-02
-1.3363190072568e-03
-3.3139767073461e-03
 3.7590882596060e-02
 1.5059377631249e-02
-1.3070423743774e-02
 0.0000000000000e+00
 0.0000000000000e+00
