 4.0000000000000e-02
 4.0000000000000e-02
 4.0000000000000e-02
 4.0000000000000e-02
 4.0000000000000e-02
 4.0000000000000e-02
 4.0000000000000e-02
 4.0000000000000e-02
 4.0000000000000e-02
 4.0000000000000e-02
 4.0000000000000e-02
 4.0000000000000e-02
 4.0000000000000e-02
 4.0000000000000e-02
 4.0000000000000e-02
 4.0000000000000e-02
 4.0000000000000e-02
 4.0000000000000e-02
 4.0000000000000e-02
 4.0000000000000e-02
 4.0000000000000e-02
 4.0000000000000e-02
 4.0000000000000e-02
 4.0000000000000e-02
 4.0000000000000e-02
